#!/usr/bin/env os8
# v3d/basic.sv

# Segment 0: 16 pages
00000)0000 4432 0000 0000 0000 0000 0000 0000 
00010)7603 3427 0000 0000 0000 0000 0000 0000 
00020)0000 0000 0000 0000 0000 0000 0000 0000 
00030)0000 0000 0000 0000 0000 5200 0000 0001 
00040)0000 0000 0000 0000 0000 0000 0000 0000 
00050)1617 1601 1505 0201 0000 0000 0000 7700 
00060)0200 0201 7761 0177 0232 7201 7706 0032 
00070)7200 7600 0017 0260 0237 0013 0215 0212 
00100)0037 7741 7405 7701 7772 6171 6211 7770 
00110)6201 0010 7774 7766 7634 0137 7746 0036 
00120)0077 7745 0012 7771 7400 7760 0014 0000 
00130)1063 0760 0525 1600 1242 1452 4200 1475 
00140)0044 4601 0541 1251 3342 3204 3203 1331 
00150)0050 0604 0600 5200 2112 0731 0555 3201 
00160)1153 2322 1163 3200 1200 0200 1061 3006 
00170)0047 1126 3202 3036 0400 3044 0471 2600 
00200)0000 1777 3776 3027 3127 3030 7200 4577 
00210)3024 7146 1024 7450 5775 1113 7450 5335 
00220)1107 7450 5237 1104 7450 5237 1114 7450 
00230)5320 7001 7450 5237 7001 7440 5242 4576 
00240)1102 5201 1117 7450 5320 7100 1120 7420 
00250)5206 7001 3023 1034 7640 5260 1024 4575 
00260)1030 7640 5267 1023 1121 4574 5206 1030 
00270)1102 7710 5277 4573 4576 1112 5201 1030 
00300)7110 1172 3026 7430 5312 1023 7106 7006 
00310)7006 5315 1426 0057 1023 3426 2030 5206 
00320)1034 7650 4774 7240 1030 7510 5331 3030 
00330)5206 1027 7500 3027 5206 1034 7650 4573 
00340)1030 7440 5346 1027 7650 5206 7110 1172 
00350)3026 7430 1426 0057 3426 4571 5600 0000 
00360)7200 2357 5757 1170 3024 7040 3022 5773 
00370)5577 7450 5275 1735 3114 1063 3002 3000 
00400)0000 7100 1122 7430 5210 7200 2200 5600 
00410)3023 2027 1027 1123 7500 5600 1221 3220 
00420)7402 5230 5263 5253 5250 5242 5232 1041 
00430)0125 5240 1023 7106 7006 3023 1041 0124 
00440)1023 5246 1023 7110 7012 7012 3041 5600 
00450)1040 0125 5261 1023 7106 7006 3023 1040 
00460)0124 1023 5267 1023 7110 7012 7012 3040 
00470)5600 0000 3341 1671 2271 3325 4567 5321 
00500)1725 7112 7012 7012 0120 7450 5321 1074 
00510)4575 1725 2325 0120 7450 5321 1074 4575 
00520)5276 1341 7650 4573 5671 0000 2023 7410 
00530)4355 1423 0120 7640 5326 2023 5725 4355 
00540)5725 0000 1023 7640 5351 6214 1105 3350 
00550)7402 7240 1023 3023 5741 0000 6214 7440 
00560)5363 1037 3036 1106 3365 7402 2036 5755 
00570)6201 5566 0000 0202 0201 0200 7503 5547 
00600)6201 4573 4576 1566 6201 4565 7650 5214 
00610)1034 7650 5564 5204 1026 7040 1163 3022 
00620)1572 7650 3022 1040 7141 1042 7640 5233 
00630)1041 7141 1043 7630 5245 4562 1023 3026 
00640)1040 3042 1041 3043 7410 4561 1023 7140 
00650)1026 7200 6214 7430 1107 1110 3346 1026 
00660)7141 1023 1022 7450 5331 7510 5777 7041 
00670)1023 3025 6214 1110 3304 1025 7140 1023 
00700)7620 1107 1304 3306 7402 1423 7402 3425 
00710)1425 1103 7650 5327 2023 5321 1304 1111 
00720)3304 2025 5304 1306 1111 3306 5304 1025 
00730)4560 1022 7650 5204 6201 1040 3563 1041 
00740)3557 1163 3023 6201 1423 2023 7402 3426 
00750)2026 5355 1346 1111 3346 2022 5343 5204 
00760)0000 3375 1760 2360 7041 1375 7140 1760 
00770)7620 2360 2360 1375 5760 0000 1617 1000 
01000)7041 3025 1423 3024 1100 3423 4562 6214 
01010)1110 3225 7100 1023 1025 3025 7430 4556 
01020)6214 1110 3227 1025 4560 7402 1423 7402 
01030)3425 1425 1101 7650 5256 7340 1025 3025 
01040)7430 5245 1227 1107 3227 7340 1023 3023 
01050)7430 5225 1225 1107 3225 5225 1024 3425 
01060)5555 4576 1072 7201 0056 7640 4554 6041 
01070)5267 5777 5646 5660 6372 0160 6746 6347 
01100)5560 7000 0145 4655 4665 4645 0000 7051 
01110)4265 4000 5552 5746 0165 6060 0155 6057 
01120)5000 1153 4560 3042 3043 5552 0000 1027 
01130)7440 5334 7240 5726 1104 7700 5726 1112 
01140)3023 1040 7110 3040 1041 7010 3041 2023 
01150)5341 2027 5327 0000 3035 6214 1110 3366 
01160)1120 3435 5753 0000 1035 3023 6201 5763 
01170)3360 1132 3013 1136 3413 2360 5373 7605 
01200)1220 3023 2023 1423 2023 7450 5215 1572 
01210)7640 5202 1423 3023 5423 4576 1107 5551 
01220)1220 2226 1400 1723 2725 1336 2223 1412 
01230)2200 1334 1121 3406 1066 2032 1762 2036 
01240)1753 0000 0145 6454 3343 4264 5244 1770 
01250)6400 0000 4573 1150 3023 1265 3026 4270 
01260)4270 4270 2026 4270 4576 1312 4573 5651 
01270)0000 1423 0120 7450 1377 1101 0120 3426 
01300)1423 0057 7450 7130 1376 1426 3426 2023 
01310)2026 5670 0000 0000 0000 0101 0000 0101 
01320)0101 2643 0101 0101 0000 0000 0000 1627 
01330)0000 0000 1030 2030 7110 1172 3023 1423 
01340)7430 5345 7012 7012 7012 0120 7450 5731 
01350)1100 2331 5731 0000 4547 5753 0120 4775 
01360)0072 0001 5371 2353 4775 0060 0012 5753 
01370)5774 7201 5753 4525 2761 0760 4100 0040 
01400)1546 1545 1144 7650 5211 4543 1031 7650 
01410)5552 3030 3027 4547 5225 1377 7640 5213 
01420)4547 5225 1066 4574 5220 1153 3026 4571 
01430)7710 5240 4561 1026 7141 1023 5370 6214 
01440)1110 3275 3023 4567 5552 4361 4252 5552 
01450)4575 5243 0000 1023 2023 1260 3257 7402 
01460)5661 1475 1514 1515 1515 1475 1515 1515 
01470)1513 1475 1534 1541 1556 7402 1426 6201 
01500)1103 7450 5652 1120 3024 2026 5253 1275 
01510)1111 3275 5253 7201 3027 1024 7006 7006 
01520)3024 1024 7004 0072 7440 5331 1027 7650 
01530)5253 2027 1073 5350 1024 7012 7012 7012 
01540)5344 1111 3023 1024 0120 7450 5352 1074 
01550)2252 5652 1075 3023 1076 5350 3023 1077 
01560)5350 0000 1127 7650 5761 5243 6346 4245 
01570)7200 6214 7420 1107 5240 0000 1765 7740 
01600)0000 3322 1032 7640 5215 4554 1322 7650 
01610)7001 3777 6212 4457 0010 3030 4547 5275 
01620)1260 7640 5216 4323 7650 5236 1044 3247 
01630)1045 3250 4323 7640 5776 5242 1375 3247 
01640)1374 3250 1141 3251 6212 4460 0001 0000 
01650)0000 0000 5776 1250 3055 1251 3054 1322 
01660)7740 5600 1044 7450 5600 3050 1045 3051 
01670)1046 3052 1047 3053 5600 1322 7750 5313 
01700)1050 7450 5313 3044 1051 3045 1052 3046 
01710)1053 3047 5600 7201 4576 2167 1373 3174 
01720)4565 5772 0000 0000 3044 3045 3046 1061 
01730)3047 1140 3024 1112 3022 4771 5723 7106 
01740)7006 7006 3424 4771 5723 1424 3424 2024 
01750)2022 5335 5723 7130 4200 6212 4460 0011 
01760)4554 5552 1153 4560 3042 3043 4200 4554 
01770)5552 1353 2553 0357 1300 0423 2715 7746 
02000)0000 1153 3026 1110 3537 3023 1136 3003 
02010)1071 3004 1310 3233 4535 5220 4231 5214 
02020)1064 4231 1065 3230 4231 2230 5224 5600 
02030)0000 0000 3006 7402 5304 5301 1310 3233 
02040)1006 0072 7110 7012 7012 1403 3403 1006 
02050)7006 7006 0124 1405 3405 2003 2004 5631 
02060)4554 4454 4200 4200 0000 5777 2311 7410 
02070)5777 2264 2776 4554 1136 3003 1071 3004 
02100)5631 1003 3005 2003 1006 3403 2233 5631 
02110)5234 0000 0000 2056 7000 4327 3400 6201 
02120)4327 3600 6211 4327 4000 6221 5712 0000 
02130)1071 3005 1727 2327 3006 1727 2327 3347 
02140)5345 6201 1003 3406 2006 1406 3004 7402 
02150)1405 3003 1004 3405 2005 5341 6201 1003 
02160)3406 5727 4342 4501 4752 5546 0000 4752 
02170)5546 0157 4256 4616 1600 0600 2266 2720 
02200)1546 1545 1377 7640 4543 1172 3023 1134 
02210)3026 1123 3024 1426 2026 3423 2023 2024 
02220)5213 2033 5226 3033 1055 3321 7201 4533 
02230)1265 3236 1055 6212 4460 0003 0000 0000 
02240)5776 1236 3775 1237 3774 3266 6212 4460 
02250)0011 4554 4773 4554 1033 3772 6212 4457 
02260)0010 1055 6212 4460 0004 0044 0000 5776 
02270)1033 7640 5771 1321 7041 1055 7650 5314 
02300)1321 3055 1141 3310 1055 6212 4460 0001 
02310)0000 5776 1310 3054 6212 4460 0011 4554 
02320)5552 0000 0000 1153 3023 1023 3026 1423 
02330)1103 7450 5722 1120 7141 1040 7450 5347 
02340)7620 5722 2023 7410 4556 4532 5325 2023 
02350)7410 4556 1423 7141 1041 7450 5365 7630 
02360)5345 4542 1023 3026 5722 4532 5722 4745 
02370)5645 2400 7746 2000 2111 2064 2715 4721 
02400)1377 3010 6211 1054 3410 7126 3410 6201 
02410)1776 6211 3410 1050 3410 1051 3410 1052 
02420)3410 1053 3410 6201 4315 6201 2400 6211 
02430)7600 6213 4315 6201 4600 6211 7400 1775 
02440)3245 6202 4774 3700 0000 0000 5273 4315 
02450)6211 4600 6201 7400 7201 4773 0003 2547 
02460)0000 5273 4773 0013 1257 3772 1260 3777 
02470)3771 6203 5770 1367 4307 1366 4307 1365 
02500)4307 1364 4307 6041 5303 6203 5775 0000 
02510)6041 5310 6046 7200 5707 0000 6214 1363 
02520)3340 4343 3331 4343 3342 4343 3333 4343 
02530)3343 7402 1742 7402 3742 2342 2343 5331 
02540)7402 5715 0000 0000 1715 2315 5743 0201 
02550)2311 0300 2415 7200 1362 3174 3030 5761 
02560)1040 1623 0400 6203 0012 0015 0131 0123 
02570)7001 7644 7614 0200 7607 7605 2236 7615 
02600)0000 1034 7640 5211 6031 5204 6036 0063 
02610)5600 2360 5236 1070 3360 1136 3021 1357 
02620)3236 4554 1343 7450 5320 7001 3343 4454 
02630)0200 4200 0000 5371 2232 4554 7402 5262 
02640)5257 1357 3236 1421 2021 0124 7112 7012 
02650)3023 1420 0124 1023 7112 7012 5264 1021 
02660)3020 2021 1421 2236 0063 1116 7450 5272 
02670)1067 5600 3034 1032 7650 5552 3032 1377 
02700)3010 1410 3050 1410 3051 1410 3052 1410 
02710)3053 5552 3053 2023 5334 6212 4460 0011 
02720)3034 4554 4576 2162 5551 1153 4560 3042 
02730)3043 4533 7144 3023 1150 3342 1055 6212 
02740)4460 0002 0000 0000 5312 1342 7450 2343 
02750)3232 7201 3034 7240 3360 4554 5551 5237 
02760)0000 4531 0001 0032 5776 1375 7640 5315 
02770)5774 7700 5234 5320 0363 7722 1367 3620 
03000)7750 7600 0000 0000 0000 0000 0000 6031 
03010)5227 6036 0313 1307 7450 5777 1310 7450 
03020)5231 1311 7450 5234 1312 7450 5233 2206 
03030)7201 3031 5606 7001 3127 5227 0000 1076 
03040)4575 1077 4575 5636 0000 6041 5245 6046 
03050)0313 1376 7640 5644 2202 5644 1200 3202 
03060)1201 7450 5644 3204 6031 5302 6034 0313 
03070)1307 7450 5530 1310 7440 1311 7440 1312 
03100)7650 5644 2206 5302 2204 5264 5644 7775 
03110)7764 7776 7776 0177 0000 1205 7650 5335 
03120)1030 1027 7650 5714 1111 4575 1375 4575 
03130)1111 7410 1375 4575 5714 1374 4575 5714 
03140)1027 7041 1035 7650 5327 4542 5144 5211 
03150)3600 3656 5435 3644 3665 3665 3647 0034 
03160)3262 3242 3331 3200 3311 1224 3506 0503 
03170)7757 7524 0452 7772 0337 0040 7763 1063 
03200)0000 0000 0145 6454 3343 4264 5244 1770 
03210)6400 5235 6211 1777 6201 0060 7640 5235 
03220)4776 7201 3775 6212 4774 0010 6212 4773 
03230)0013 6046 4313 2032 5772 6211 3771 3777 
03240)6201 6046 4776 1120 3553 4313 1411 7450 
03250)5267 3256 7201 6212 4773 0002 0000 0000 
03260)5310 7001 6211 1256 3410 6201 5246 7201 
03270)6212 4773 0002 3474 0000 5300 1273 7001 
03300)6211 3410 6201 7201 4576 3511 4554 5770 
03310)4576 3500 5767 0000 6211 1766 6201 3024 
03320)1024 7450 5713 0124 7106 7006 7006 1365 
03330)3012 1364 3013 1024 7012 7010 0100 5342 
03340)1363 1023 3023 1023 0120 1113 7700 5340 
03350)1023 1362 3413 1412 3413 1412 3413 5713 
03360)5320 3150 2121 0066 1323 3375 7666 7605 
03370)0604 7643 2725 0200 7700 7746 3600 7644 
03400)1653 4257 1647 4643 1656 4263 1642 6163 
03410)1656 4272 1653 6657 1653 6655 1642 6650 
03420)1664 4661 1660 4465 1657 6067 1645 4644 
03430)3440 3444 3450 3454 3460 3464 3470 0000 
03440)0201 2311 0300 2326 0203 1715 2000 2326 
03450)0214 1701 0400 2326 0222 2423 0000 2326 
03460)0201 2311 0300 0106 0201 2311 0300 2306 
03470)0201 2311 0300 0606 0201 2311 0300 2506 
03500)5257 4460 5661 5546 6546 0164 7264 6546 
03510)5600 5746 7001 6063 0160 5545 1616 0000 
03520)1035 3035 1056 0175 7650 5330 4542 5172 
03530)1056 0157 7640 4343 1034 0155 1035 3034 
03540)1410 3043 5443 3534 1035 7040 0127 7440 
03550)5353 4542 5151 1035 3035 5743 0000 1375 
03560)3002 1104 3003 1402 0154 1166 7650 3402 
03570)2002 2003 5363 1176 5756 7647 4652 3327 
03600)0000 6211 1777 6201 0376 3023 1775 0374 
03610)7112 7112 1023 2773 1372 7500 5213 1371 
03620)7106 7006 7006 3770 6211 1767 6201 0060 
03630)3766 1775 0257 7110 7012 7450 5242 7001 
03640)3037 5272 6201 1037 7006 7004 0257 1272 
03650)3251 6201 1705 7000 3251 1253 3705 0070 
03660)1705 7400 1261 1306 7640 5272 1251 3705 
03670)2037 5242 6201 1037 7041 3037 7326 1037 
03700)7640 5600 1365 3764 5600 3661 1400 7001 
03710)7450 5353 2763 1362 3334 1051 7750 5324 
03720)2335 5330 7240 3335 1763 3043 1334 5443 
03730)2336 1334 3736 5324 0215 7777 1450 1355 
03740)7650 5350 3355 2042 3041 1051 7740 4535 
03750)1134 3334 5322 2355 5766 0001 0000 5674 
03760)0000 7777 0214 5200 2123 5712 3005 7726 
03770)1330 0033 7766 1327 0600 7777 0007 7666 

# JSW 2000
# START 03211
