#!/usr/bin/env os8
# v3d/cref.sv

# Segment 0: 14 pages
00000)0000 4432 7666 0000 4500 2331 2324 0515 
00010)4577 7777 0000 0000 7611 0000 0000 6113 
00020)0242 0227 0000 0000 0000 0000 0000 0000 
00030)0000 0000 7566 7772 0036 0000 0000 0000 
00040)0000 0000 0110 0000 0000 1600 7777 0000 
00050)0000 0000 0200 5621 0002 0000 0000 0000 
00060)0000 0000 0000 0000 0000 0000 0000 4577 
00070)4010 0004 0027 7410 5466 4576 3000 7704 
00100)7704 6030 7634 7766 7777 5615 0000 3575 
00110)3574 5506 0232 1400 7522 0100 0040 7564 
00120)2426 0212 0215 0200 2554 4110 1777 0201 
00130)2216 6034 0002 4000 0677 0035 0240 7720 
00140)3777 0077 1000 7776 1300 1200 0003 1041 
00150)0260 0010 7774 0004 0600 7563 1740 7775 
00160)2165 0140 1400 1747 5600 2514 0017 7600 
00170)7605 3210 2211 7772 0431 0413 0211 7607 
00200)5777 5776 0000 0000 0000 0000 0000 0000 
00210)0000 0000 7200 6201 1611 3060 1173 3033 
00220)1227 3172 1460 4571 2033 5222 5570 2763 
00230)5333 1751 3751 2351 4574 4573 5221 1200 
00240)7106 1201 7006 1202 7006 1200 4272 1200 
00250)7104 0000 6211 1775 6201 7450 1374 6211 
00260)3775 6201 5651 0000 1773 7450 5663 3772 
00270)6211 1414 6201 3771 6211 1414 3077 1414 
00300)6201 5770 0000 7301 3047 1767 0366 7450 
00310)5702 7112 7010 3047 5765 0000 6211 1567 
00320)0166 1364 3326 1726 6201 5715 0000 7240 
00330)5612 5226 0003 3203 1203 7106 7004 1203 
00340)7006 1203 3751 1351 1374 7640 7240 3203 
00350)5234 0201 3014 1040 1170 7640 5752 4574 
00360)5353 7330 3040 1167 7757 4552 0070 7777 
00370)2321 2317 2316 4352 1423 7604 4205 4200 
00400)4565 4564 4777 4352 4777 1410 3023 4563 
00410)0301 7442 5217 2077 5203 4565 5203 1023 
00420)1253 7450 5562 1376 7450 5200 1375 7650 
00430)5200 2077 7410 4565 2024 5240 1161 3050 
00440)4560 5246 1024 4254 1157 4556 1023 1155 
00450)7650 5203 5554 7401 0000 1050 3025 1050 
00460)7640 1153 3345 3346 3347 3350 1152 3022 
00470)1025 7100 1050 7420 5300 3025 1151 3345 
00500)7200 1374 3055 1373 3027 1025 7100 1427 
00510)7420 5314 2455 5306 7041 1427 7041 2027 
00520)2055 2022 5306 1152 3022 1374 3055 1455 
00530)1351 3351 1351 7650 1372 1455 1150 4572 
00540)2055 2022 5327 3351 5654 0000 0000 0000 
00550)0000 0000 0000 1021 3010 1410 3023 1023 
00560)7450 5370 4572 1023 1032 7640 5355 5752 
00570)4564 5752 7760 0101 0545 7737 0163 3236 
00600)1350 7450 1020 3010 1410 3023 4563 0301 
00610)7446 7410 5336 4563 0260 7507 7410 5333 
00620)5226 4563 0333 7442 7410 5336 4341 1023 
00630)1377 7640 5235 1010 3350 1036 7650 5304 
00640)1023 1376 7650 7001 3351 4547 0043 5265 
00650)1056 1146 3025 6211 1425 3025 6201 4775 
00660)5425 1036 7006 7730 5277 4560 5445 4547 
00670)0041 5275 4774 5277 5276 4545 4544 4775 
00700)1351 7640 5773 5352 1023 1032 7640 5312 
00710)3350 5773 1023 1376 7450 5310 1372 7450 
00720)2010 1143 7450 5453 1152 7450 5771 1370 
00730)7640 5352 5767 1036 7650 5204 1023 4542 
00740)5204 0000 1173 3033 1366 3034 3035 5741 
00750)0000 0000 1023 1377 7650 5773 5204 0000 
00760)1157 1071 3071 5757 0037 2323 0036 3060 
00770)7715 3066 0015 0403 1702 3350 7521 7505 
01000)0000 3240 1033 7700 5600 1240 0141 1377 
01010)7540 1376 1375 2035 5221 1434 3434 2034 
01020)5235 7104 3330 1330 7106 3025 1025 7106 
01030)1025 1330 3434 7240 3035 2033 7000 5600 
01040)0000 0000 1641 3327 3331 1727 3330 2327 
01050)1727 3327 1330 7041 1327 7110 7450 2331 
01060)1330 3057 4363 2022 7100 6211 1413 6201 
01070)0140 7040 1412 7040 7640 5302 2022 5264 
01100)2241 5316 1331 7640 5312 1057 7420 5251 
01110)3330 5252 1057 7430 7001 3057 1057 7440 
01120)5323 2057 5316 7106 3056 2241 5641 0000 
01130)0000 0000 7174 7424 7574 7574 7574 7574 
01140)7574 7574 5621 0010 0004 0004 0004 0004 
01150)0004 0004 0000 7450 5361 1377 7540 1137 
01160)1141 1136 5752 0000 1057 7106 1104 3013 
01170)1135 3012 1152 3022 5763 0037 7760 7741 
01200)0000 4777 1042 7040 1043 7750 5250 2042 
01210)1042 7106 3027 1027 1152 3025 1025 7040 
01220)1056 3022 6211 1425 3427 7040 1025 3025 
01230)7040 1027 3027 2022 5223 6201 7200 1152 
01240)3022 1412 6211 3413 6201 2022 5241 5600 
01250)4576 3006 4272 1376 7650 5252 1023 7041 
01260)3277 4272 1277 7650 5534 1023 1155 7650 
01270)5534 5261 0000 1410 3023 1023 5672 0000 
01300)0000 1056 1146 3025 6211 1425 7710 5317 
01310)1050 7650 5317 1133 1425 3425 7040 1104 
01320)3022 1140 0425 2425 7000 1146 7710 5334 
01330)2022 5321 6201 5700 6201 4576 3052 0000 
01340)1146 3060 3057 7240 1042 7041 3022 1153 
01350)1060 3060 2057 4775 3363 6211 1460 7450 
01360)5370 1104 3025 7402 3425 2025 1132 3425 
01370)6201 2022 5347 5737 5367 1714 7540 1163 
01400)2046 5777 4776 7001 3042 1140 0070 3070 
01410)1153 3071 4066 3051 1131 3530 3061 1375 
01420)1051 3027 1427 3063 1051 7040 3022 7120 
01430)7004 2022 5230 3055 1051 1374 3064 1051 
01440)1127 3366 3766 1464 1071 3367 1071 7112 
01450)0126 3022 1061 7041 1063 3025 6211 1471 
01460)3026 1146 1071 3071 1026 7710 5314 1471 
01470)0140 1061 3061 6211 1471 0140 6201 7100 
01500)1367 7430 5336 7140 1025 7620 5336 6211 
01510)1025 3471 2061 2061 6201 1022 3766 1054 
01520)0055 7650 5326 1153 1367 3367 1022 7040 
01530)1042 7450 5773 3062 2071 5246 7200 2051 
01540)1051 7100 1047 7620 5364 1062 7104 0372 
01550)1125 3070 4771 1766 7001 3042 4066 6211 
01560)7240 3471 6201 5770 4771 5216 0000 0000 
01570)1766 0757 3700 1765 1142 1132 3155 2000 
01600)4547 0041 5534 4302 5534 4314 3267 1023 
01610)1264 7440 1263 7650 7001 3262 6211 1425 
01620)3025 1267 3223 7402 1425 7710 5241 1050 
01630)7650 5241 4265 1267 3235 7402 1425 1133 
01640)3425 6201 1024 4265 1262 7650 5534 7240 
01650)1025 3025 1267 3254 7402 1024 7041 3425 
01660)6201 5534 0000 7757 7524 0000 3027 7402 
01670)1425 0140 7041 1025 3026 1027 3426 2425 
01700)6201 5665 0000 1056 1146 3025 6211 1456 
01710)6201 7700 2302 5702 0000 3051 1127 1051 
01720)3026 1426 7041 1057 7750 5330 2051 5316 
01730)4332 5714 0000 1051 7106 7004 1260 5732 
01740)0000 3332 1136 4572 2332 5342 5740 0000 
01750)1747 7041 1023 7100 1747 2347 1747 2347 
01760)7420 7610 7650 2347 5747 2065 4777 4776 
01770)3024 3050 5775 0200 0200 2160 1337 2600 
02000)7240 3046 7410 5210 2100 2100 4565 3202 
02010)1042 7041 3063 1146 3060 5222 4524 2077 
02020)7410 4565 1157 3033 3050 1103 3364 2060 
02030)6211 1460 6201 7510 5351 4571 2033 5230 
02040)1152 4556 1060 7112 0126 3057 4777 3253 
02050)6211 1460 3066 7402 1466 7710 1104 1143 
02060)3033 1466 0140 1033 7041 3033 7240 1066 
02070)3066 1466 3363 7240 1066 3066 1253 3300 
02100)7402 1466 1363 7640 5307 3363 1146 1136 
02110)3061 1466 7640 5317 1161 3050 5273 1466 
02120)6201 4776 1061 4572 7240 4556 2033 5336 
02130)2063 5216 1065 7650 5562 5775 2364 5273 
02140)1103 3364 4524 2077 7410 4565 1103 4556 
02150)5273 7200 1146 1060 3060 2063 5227 5332 
02160)4774 4773 5772 0000 7766 0000 1046 7710 
02170)2365 5765 0404 2714 2672 2400 0454 1714 
02200)0000 1377 7041 3270 1354 3266 1267 3225 
02210)5600 0000 0376 3264 4560 5611 6034 1375 
02220)7650 6031 5224 5567 2225 7402 5261 5256 
02230)1264 7106 7006 0374 1665 3665 1264 7112 
02240)7012 7010 0374 1666 3666 1267 3225 2266 
02250)2270 5263 1271 4340 4200 5611 1266 3265 
02260)2266 1264 3666 5611 0000 0000 0000 5225 
02270)0000 4200 0000 1373 3316 1326 3305 6211 
02300)1567 6201 6212 4452 0001 7402 5075 4772 
02310)6211 1567 6201 6212 4452 0003 2510 0000 
02320)5327 3771 1316 3355 4200 5672 4001 6211 
02330)1567 0370 7650 5365 1567 0166 3567 5307 
02340)0000 3353 4767 1771 3771 1771 7120 1317 
02350)7620 5363 4705 0000 7200 0000 5075 4767 
02360)1355 3355 5740 4576 3030 4576 3022 3200 
02370)7760 2465 0263 2510 7400 7575 0377 0200 
02400)1302 7640 5212 4354 1377 4571 1376 4572 
02410)4354 4314 1302 7650 1375 4572 4572 4572 
02420)1374 0773 7640 5217 1773 1372 7450 5232 
02430)1371 4770 6212 4452 0010 1767 6211 3414 
02440)6201 1766 6211 3414 1077 3414 1265 3414 
02450)1567 6201 2302 5261 6212 4523 0006 0000 
02460)0000 6212 4523 0004 2510 0000 5304 2303 
02470)5301 7201 6201 6212 4523 0004 3151 0000 
02500)7200 5570 0000 0000 4576 3036 4576 3044 
02510)0000 0000 0000 0000 0000 4560 5714 1362 
02520)7640 5350 1077 7450 1152 3022 4354 2022 
02530)5357 1173 3022 1365 4572 2022 5333 1152 
02540)3022 4354 2022 5357 1100 7000 3077 5714 
02550)7240 3022 7040 5341 0000 1122 4572 1121 
02560)4572 5754 0000 5350 4771 0255 2317 2355 
02570)2340 4000 0200 2270 0177 0232 0301 1701 
02600)0000 7240 3265 2267 1377 3266 5600 4600 
02610)0000 2227 2265 5227 1267 7650 5225 6211 
02620)1666 6201 7650 5610 4272 4314 5211 5227 
02630)5251 5245 1213 3227 1607 0376 7112 7012 
02640)1333 7012 7012 2207 5252 1607 0376 3333 
02650)2207 1607 0375 7450 5211 1123 1374 7450 
02660)5610 1373 2210 3023 5610 0000 7617 0000 
02670)0000 0000 0000 6211 1666 0372 7440 1166 
02700)7132 7012 3270 2266 1666 3335 2266 3267 
02710)6201 5672 0002 0401 0000 1270 7100 1312 
02720)7420 3270 7430 2267 7172 7012 7012 1313 
02730)3333 6201 4671 0000 4600 0000 5356 1335 
02740)1312 3335 1333 0167 7104 1333 0167 7040 
02750)3265 1213 3227 1334 3207 5714 2267 7700 
02760)5337 4576 3044 0000 6046 6041 5365 7200 
02770)5763 7775 7760 0232 7546 0177 7400 7617 
03000)0521 1120 0775 1364 0375 0606 1467 1042 
03010)1214 0344 0410 1215 0255 1634 1010 1510 
03020)0125 0250 0340 1515 1364 0375 0606 0326 
03030)1213 1510 0255 1634 0421 1004 0212 1211 
03040)0322 0375 0606 0326 0610 1265 1510 0344 
03050)1403 1364 2664 3015 0022 0330 1436 0000 
03060)1377 3037 4323 2034 2034 5275 4323 2034 
03070)1411 4542 1411 0376 4542 1030 7640 5320 
03100)1375 3011 1411 0374 1037 3037 1411 4542 
03110)1411 4542 1355 0373 1120 3036 4772 5722 
03120)4772 5534 0665 0000 1021 3011 1411 3355 
03130)1355 1371 7650 5320 5723 1350 7650 5343 
03140)2350 5343 5770 1121 4505 1021 3010 5767 
03150)0000 0322 0506 1423 2415 0000 4766 3356 
03160)1062 7450 5765 5755 3311 1413 5715 3276 
03170)3236 7540 0741 0057 0001 0237 0266 2540 
03200)0000 1607 7106 7006 7006 0166 5600 2353 
03210)0000 3234 3235 5216 2235 3234 1234 1377 
03220)7500 5214 1376 4775 3234 1235 4775 4572 
03230)1234 4572 2060 5610 0000 0000 0000 1021 
03240)3010 4774 5355 1305 7650 5252 2305 5241 
03250)1143 3773 1023 1032 7450 5241 1157 7650 
03260)5273 1010 1372 7700 5267 1023 4505 1023 
03270)1117 7640 5241 1122 4505 5771 1123 6034 
03300)1370 7650 6031 5636 5570 0000 0000 4767 
03310)7617 7710 7001 3347 4767 7600 7710 1132 
03320)1347 3347 7100 1347 7010 7200 7530 1123 
03330)1366 3765 1143 1347 7740 5706 1364 3763 
03340)1763 3762 1146 3761 1360 3757 5706 0000 
03350)0000 3036 3037 3040 5750 4106 5562 2713 
03360)0601 2712 2607 2734 4200 2326 3601 6074 
03370)7575 3135 7403 3150 2610 1152 0052 7726 

# Segment 1: 9 pages
04000)1772 7200 2074 0253 1600 2200 4527 1377 
04010)3776 1051 7740 5241 4527 1171 0014 7450 
04020)5237 4775 1015 4775 1016 4775 1017 7041 
04030)1027 7650 5241 1203 4450 1017 7041 1027 
04040)4774 1134 4450 5600 2032 1373 3012 1372 
04050)3013 1371 3043 1176 3412 3413 2043 5253 
04060)3014 5644 1235 4552 7450 5662 1151 3200 
04070)1023 7141 1600 3347 7430 5323 3032 1027 
04100)0154 1600 4553 1600 1102 3244 1540 4544 
04110)3540 1644 3034 4523 2027 2244 0000 2347 
04120)5311 1410 3540 1200 1370 3244 0000 5662 
04130)4564 4561 1034 7040 3046 5342 4513 1051 
04140)7740 3767 2046 5336 1313 3767 5577 0000 
04150)1347 3262 1176 7141 1551 3347 7430 5662 
04160)1551 4553 1551 1366 5305 0000 2023 1434 
04170)0040 7740 2001 1741 1310 4217 4457 5554 
04200)6201 6212 4452 0005 1423 6211 1777 7650 
04210)5200 1567 7640 5227 6201 6212 4523 0012 
04220)1420 2400 0000 5335 1221 6211 3567 6201 
04230)4776 6211 1414 6201 3352 1152 3022 6211 
04240)1751 6201 3775 2351 2375 2022 5237 4774 
04250)4773 0372 3771 1771 7640 3770 4767 1047 
04260)7041 3047 6211 1777 6201 6212 4452 0001 
04270)3401 7402 1270 3766 4765 1364 3052 1763 
04300)0201 1142 3763 1410 3022 4325 1031 7650 
04310)1362 1361 3010 1410 3043 1410 3044 1410 
04320)3022 1410 3011 4325 5760 0000 1410 6211 
04330)3411 6201 2022 5326 5725 4576 3014 0000 
04340)7106 7004 7420 5737 7012 7620 7040 3757 
04350)5737 7601 0000 1356 3042 5235 0035 2503 
04360)5713 5243 0160 7746 7700 2672 2671 4517 
04370)0431 2562 0770 0315 3306 2510 4400 7617 
04400)0000 4777 7201 6211 0776 3030 1775 6201 
04410)4774 6211 7300 1776 0373 7450 5227 6201 
04420)0151 7650 5225 1312 3772 1316 3530 7200 
04430)6211 1776 6201 0371 7450 5244 0123 7650 
04440)5313 2031 2030 3770 7200 6211 1776 6201 
04450)7700 5767 7100 1310 3766 1311 3765 6211 
04460)1764 7010 7420 5301 7104 3764 6201 6212 
04470)4763 0010 1316 3530 1312 3772 1137 3762 
04500)5600 7124 3764 6201 7240 3761 4760 5757 
04510)5261 0661 5226 1143 3756 5244 5611 0000 
04520)4755 6201 1047 7006 7004 0336 1351 3330 
04530)6201 1753 7000 3330 1332 3753 0070 1753 
04540)7400 1340 1354 7640 5351 1330 3753 2047 
04550)5321 6201 5717 4540 1400 0302 3305 4353 
04560)5732 2502 0663 7700 7645 3122 0647 4235 
04570)0620 0300 5624 0410 4337 7643 7644 0251 
04600)7325 0000 0000 0000 0000 4070 0250 0000 
04610)0000 4147 1706 0000 0000 4177 0374 0000 
04620)0000 4202 0374 0000 0000 4207 0052 0000 
04630)0000 4207 0374 0000 0000 4212 0052 0000 
04640)0000 4212 0770 0000 0000 4213 0052 0000 
04650)0000 4213 0770 0000 0000 4253 0052 0000 
04660)0000 4462 0716 0000 0000 4472 0374 0000 
04670)0000 4534 1510 0000 0000 4573 0176 0000 
04700)0000 4611 0374 0000 0000 4611 1114 0000 
04710)0000 4611 1510 0000 0000 4615 2104 0000 
04720)0000 4661 1240 0000 0000 4661 1436 0000 
04730)0000 4721 0176 0000 0000 4721 0374 0000 
04740)0000 4727 0322 0000 0000 4740 0124 0000 
04750)0000 4740 1436 0000 0000 4741 0374 0000 
04760)0000 4771 1436 0000 0000 5063 0052 0000 
04770)0000 5063 0770 0000 0000 5133 1240 0000 
05000)0000 5206 1364 0000 0000 5211 1364 0000 
05010)0000 5243 0322 0000 0000 5243 0374 0000 
05020)0000 5254 1436 0000 0000 5260 0176 0000 
05030)0000 5263 0374 0000 0000 5365 0770 0000 
05040)0000 5365 1364 0000 0000 5370 0374 0000 
05050)0000 5372 0176 0000 0000 5375 0124 0000 
05060)0000 5375 0374 0000 0000 5401 0374 0000 
05070)0000 5404 0322 0000 0000 5406 0124 0000 
05100)0000 5407 0374 0000 0000 5410 0374 0000 
05110)0000 5410 0770 0000 0000 5410 1364 0000 
05120)0000 5445 1510 0000 0000 5451 1204 0000 
05130)0000 5451 1240 0000 0000 5453 0052 0000 
05140)0000 5454 0052 0000 0000 5454 0770 0000 
05150)0000 5456 0052 0000 0000 5460 1312 0000 
05160)0000 5462 0052 0000 0000 5462 0770 0000 
05170)0000 5465 1240 0000 0000 5470 0052 0000 
05200)0000 5470 0770 0000 0000 5511 0250 0000 
05210)0000 5513 0374 0000 0000 5516 0770 0000 
05220)0000 5524 1436 0000 0000 5530 0176 0000 
05230)0000 5533 0374 0000 0000 5533 0716 0000 
05240)0000 7777 7777 7777 1706 1737 7630 7427 
05250)0000 0000 0000 0000 0054 1467 1042 0677 
05260)0074 0446 0000 0677 0140 1171 0716 0677 
05270)0177 1004 0000 0677 0215 1057 1204 0677 
05300)0216 0061 0322 0677 0255 0207 1042 0677 
05310)0275 1057 2032 0677 0323 1240 0000 0677 
05320)0340 0250 0000 5621 0340 1532 2032 0677 
05330)0413 1410 1364 0677 0572 0000 0000 0677 
05340)0600 0000 0000 0677 0610 0176 0000 0677 
05350)0771 1240 0000 0677 1171 1511 0770 0677 
05360)1206 0255 0374 6000 1241 0453 0000 0677 
05370)1241 1605 0322 0677 1371 1210 0446 0677 
05400)1371 1532 1114 0677 1451 1244 0374 6000 
05410)1515 2004 0000 1252 7777 7777 7777 7777 
05420)7004 0175 1375 3043 1706 1737 7630 7427 
05430)0000 0000 0000 0000 0255 0207 1043 0677 
05440)0255 1645 0203 0677 0274 1210 0446 0677 
05450)0334 0325 1510 0403 0340 1265 1117 0677 
05460)0352 1265 1123 5653 0405 0336 0250 0677 
05470)0405 0775 1115 0677 0405 1775 1375 6000 
05500)0405 2004 0054 6042 0572 0000 0000 0677 
05510)0600 0255 0374 0677 0600 1120 0330 0677 
05520)0600 1146 1403 0677 0600 2111 1403 0677 
05530)1133 1265 1117 0677 1171 1511 0770 0677 
05540)1241 0453 0000 0677 1241 1605 0322 0677 
05550)1400 1007 0176 0677 1515 2004 0000 1252 
05560)1774 0615 1510 0677 2104 0000 0000 0677 
05570)2106 1007 0211 0677 7777 7777 7777 7777 
05600)0000 1207 3105 4610 1211 3105 5600 5612 
05610)3236 5615 0000 4620 5612 0000 3410 5615 
05620)2211 1377 3053 4106 1376 3775 6211 1031 
05630)7650 5241 1374 3773 1374 3772 1377 3771 
05640)5247 1374 3770 1374 3767 1374 3771 6201 
05650)4315 5766 7000 3022 7240 1042 7106 3060 
05660)6211 1460 1365 7650 5307 1022 7106 7040 
05670)3025 1364 1060 3012 1364 3013 1412 3413 
05700)2025 5276 1022 7001 3042 6201 5774 1363 
05710)1060 2022 5257 4762 5761 0000 7126 1047 
05720)7630 5715 1042 7106 1360 3757 3054 1252 
05730)3756 5715 0000 7201 6212 4755 0002 5745 
05740)0000 5754 1337 3753 5732 0322 0506 0000 
05750)2326 0000 0000 2457 2506 0200 1444 1143 
05760)0004 2161 2272 7774 0003 5336 0403 7477 
05770)7463 7503 7567 7543 0677 2216 6034 1400 
06000)1410 3023 4777 0301 7446 5211 1023 4776 
06010)5200 4777 0260 7507 7410 5206 4775 1036 
06020)7650 5200 6211 1774 6201 7700 5235 1773 
06030)3233 1036 7006 7402 5772 4771 0041 4770 
06040)4767 5772 7240 1042 7041 3022 3025 1366 
06050)1025 3025 6211 1425 1365 7650 5272 1425 
06060)7500 1364 3425 2022 1363 1025 3025 3425 
06070)2025 5252 6201 5772 0000 1674 3313 2274 
06100)6211 1713 0362 3313 7240 1761 1313 3313 
06110)1713 6201 5674 0000 0000 0000 0000 0000 
06120)0000 0000 0000 0000 0000 0000 0000 0000 
06130)0000 0000 0000 0000 0000 0000 0000 0000 
06140)0000 0000 0000 0000 0000 0000 0000 0000 
06150)0000 0000 0000 0000 0000 0000 0000 0000 
06160)0000 0037 0017 0003 4000 5336 0004 1300 
06170)1200 1041 0677 0663 7644 0741 1000 1747 

# JSW 2001
# START 00200
