#!os8
# direct.sv

# Segment 0: 12 pages
12000)0000 0000 3342 1341 3201 1377 3315 1376 
12010)3200 3257 1775 7450 4774 3775 1375 3022 
12020)1373 3227 1422 7450 5234 4640 0001 6601 
12030)7402 1227 3024 5772 2771 1370 4262 1367 
12040)0200 7450 1315 7041 1377 7640 5236 1200 
12050)1366 7640 4317 1765 4640 0004 7601 0000 
12060)5764 5763 0000 0362 5715 3601 4315 3317 
12070)4315 7006 7006 3340 1340 0361 1601 3601 
12100)2201 1340 7006 7006 0361 1317 3601 2201 
12110)2200 7410 4317 4315 5265 2065 5662 0000 
12120)1760 7450 5333 7120 1257 1357 7660 5756 
12130)1257 1357 3257 1200 1355 3340 6202 4423 
12140)5210 5200 0000 5754 1357 1342 3342 1376 
12150)3200 1341 3201 5717 2344 5210 4745 0005 
12160)4731 7400 0377 4747 2346 7600 1200 0177 
12170)0232 4060 2200 6601 3326 7605 6600 2114 
12200)1422 1376 3030 1430 7700 5336 6202 4424 
12210)1400 3600 0001 5340 6201 1611 7140 1775 
12220)7420 1204 7630 5342 1211 3026 1774 7041 
12230)3034 4773 3410 6211 1772 0371 3032 1770 
12240)0367 1032 3032 1032 7640 4766 1765 7450 
12250)1377 7041 3037 1037 3025 1770 7004 7710 
12260)7040 3027 1364 3033 4763 1762 4761 4763 
12270)4763 1772 0360 7650 4757 7040 3035 3032 
12300)6211 3036 1022 3031 2031 1431 7640 5317 
12310)1356 3431 1355 1031 3030 1356 3430 1031 
12320)1354 3031 7040 1036 3036 1770 0353 7650 
12330)1431 7041 1422 7650 5304 5752 4751 4433 
12340)4751 4416 4751 4362 4751 4372 4751 4404 
12350)1030 4061 2400 0010 0004 0003 5200 3060 
12360)0020 3400 7666 4102 2062 7646 3600 0021 
12370)7644 4400 7643 3740 3604 3602 7757 0002 
12400)1777 7710 5205 3014 3015 1017 3357 3024 
12410)1376 3026 6201 1426 7650 5775 6211 1376 
12420)1026 3020 1024 7640 5313 1036 3315 1022 
12430)7410 1010 1374 3010 1373 3021 1010 4772 
12440)1371 7450 5306 1370 7450 5304 1367 7041 
12450)3030 6201 1020 4772 6211 1030 7650 5304 
12460)2315 5231 3315 1034 1020 3026 1315 1777 
12470)0376 6201 7640 1426 6211 7440 4766 2026 
12500)2026 2357 5212 5765 2021 5236 1021 1364 
12510)7510 5235 7200 1376 5262 0000 4357 1376 
12520)1034 7041 3021 1420 7650 5350 4357 2021 
12530)5326 1420 7440 2014 1015 3015 1032 3410 
12540)1420 7041 1032 3032 2426 5316 5715 3410 
12550)2021 5347 4357 1420 1016 3016 5336 0000 
12560)2020 1420 3410 5757 0006 3264 2600 0077 
12570)7753 7726 4111 7770 0005 3000 0004 7644 
12600)0000 3030 1777 0207 3024 1776 4345 0100 
12610)7640 5600 1777 4345 7360 7650 5600 1777 
12620)7710 5600 1035 7700 5231 2014 1030 1015 
12630)3015 4775 5600 1776 0374 7640 1034 7141 
12640)7001 3305 7430 5252 1020 3010 4323 4773 
12650)2305 5246 1372 3021 6201 1020 4771 4773 
12660)1370 1021 7640 5266 1367 4433 2021 5254 
12670)4305 5303 1030 7041 4766 1034 7650 5303 
12700)6201 1420 4765 4764 5600 0000 1776 7006 
12710)7620 5316 4773 1026 3010 4323 1776 0207 
12720)7650 2305 5705 0000 6201 1410 3345 1363 
12730)3021 1345 7104 7006 3345 1345 7004 0362 
12740)1214 4773 2021 5331 5723 0000 7006 7700 
12750)5745 2345 6201 1420 7041 6211 1761 5745 
12760)4774 7666 0007 7774 3046 3400 3513 0256 
12770)0003 4111 7770 4535 0010 3201 7643 7644 
13000)1376 1034 1026 3026 1426 3030 6211 1775 
13010)0374 7640 5215 1773 7710 4772 5771 1775 
13020)0370 7650 5232 1034 7106 1034 7440 1367 
13030)7440 4766 4765 4321 4764 5244 1030 7041 
13040)4763 1034 7640 4762 4246 5771 0000 2025 
13050)5255 4761 1037 3025 5646 1377 4766 5646 
13060)0000 6201 2760 5660 1757 3030 3757 1356 
13070)4334 6211 4765 3615 1030 4763 4761 1355 
13100)4334 1357 3011 7100 1411 1370 7430 2754 
13110)5331 1353 3020 4761 1420 3317 4765 0000 
13120)4765 4336 6201 1411 4763 6201 1411 4752 
13130)4761 7300 4761 5660 0000 3010 6201 1410 
13140)7440 1351 7450 5734 1350 6211 4433 5336 
13150)0232 7546 4535 3360 6207 6377 6277 6304 
13160)6202 4102 3400 3513 2705 4130 4073 7773 
13170)0010 2477 3201 7644 0200 7643 0004 0002 
13200)0400 0000 1037 7101 7650 2201 1035 7700 
13210)5215 7420 2032 3334 5601 2012 5601 2333 
13220)7410 2011 1011 3012 2201 2032 5601 1334 
13230)7640 4777 4777 1014 4776 0004 4775 3400 
13240)1015 7041 4776 0004 4775 3406 1016 7041 
13250)4776 0004 4775 4327 4777 1774 0200 7650 
13260)1373 4433 1031 5772 1032 7440 7040 7650 
13270)5227 2035 5315 3011 1032 1037 2011 7540 
13300)5275 7450 5305 7040 1037 3334 1011 7041 
13310)3326 1032 7040 3032 3013 2013 1013 7041 
13320)3012 1334 3333 1326 3011 5771 0000 3333 
13330)4656 0012 5723 0000 0000 5770 1333 5726 
13340)4006 3511 1405 2340 1116 4000 4002 3514 
13350)1703 1323 4055 4000 0000 0000 0000 0000 
13360)4273 4267 4263 4260 4277 4255 4252 4247 
13370)4743 2405 2017 0014 7644 4130 3513 4102 
13400)0000 6211 7450 5245 3030 1777 7650 5245 
13410)3353 4776 1027 7640 5255 1030 7012 7010 
13420)0375 4313 0003 1027 7450 5263 7144 1374 
13430)4433 1030 4773 3030 1703 0372 7112 7012 
13440)1030 4313 1350 3353 5600 1025 7001 7650 
13450)5600 1027 1371 4770 5600 4304 4313 0003 
13460)1374 4433 5215 1367 4433 4304 1366 7710 
13470)4304 7104 1365 3276 7240 4764 0000 5226 
13500)6030 7634 7766 7777 0000 1030 7104 7006 
13510)7006 0375 5704 0000 6211 3021 1713 7041 
13520)3010 1363 3325 3276 3304 1300 7450 5713 
13530)7100 1021 7420 5337 3021 2304 5325 7360 
13540)0304 2325 2276 7440 5347 2010 5353 1337 
13550)4776 7040 5323 4776 5323 4026 3517 1425 
13560)1505 5555 0000 1300 4130 4426 7763 0255 
13570)4073 0012 0600 4515 0257 0037 4535 7666 
13600)0000 6201 1377 1034 3010 1017 3011 1376 
13610)5274 1011 3012 1020 1010 5217 1026 3026 
13620)1420 7640 5235 1426 7640 5310 7040 1010 
13630)4327 1431 7161 1427 5306 1376 4327 6211 
13640)4775 4301 7001 0032 7650 5255 1374 4327 
13650)1431 7161 1427 4301 7001 1373 3021 4327 
13660)1431 7161 1427 4301 2031 2027 2021 5260 
13670)1010 2012 5216 1020 3020 2011 5211 6211 
13700)5600 0000 7650 5701 1426 7640 7620 5270 
13710)4327 1010 7041 3021 1431 3030 1427 3431 
13720)1030 3427 2031 2027 2021 5314 5270 0000 
13730)3030 1030 1020 3031 1030 1026 3027 5727 
13740)0000 1374 3010 3014 3015 3017 3016 1026 
13750)3011 1426 1017 3017 1411 3032 1376 1026 
13760)3020 4772 1411 7650 5740 1371 1026 3026 
13770)5347 0400 2515 7774 0003 4456 0004 0006 
14000)0000 6046 6041 5202 7700 5600 0000 3311 
14010)4232 0217 3260 1260 7650 5606 4232 0203 
14020)5227 4232 0220 5230 1311 4200 5606 7040 
14030)3777 5776 0000 1375 6034 7041 1632 7650 
14040)6031 5255 6032 1374 4200 1632 1373 4200 
14050)1372 4200 1371 4200 7410 2232 2232 5632 
14060)0001 0000 7330 3033 6211 1661 3270 4330 
14070)0000 4302 5776 0000 7041 3302 4770 2302 
14100)5276 5673 0000 6211 1372 4433 1371 4433 
14110)5702 0000 7104 1021 7030 3323 1723 7420 
14120)4323 0367 5711 0000 7012 7012 7012 5723 
14130)0000 7640 1366 1204 3021 1730 4311 7450 
14140)5344 4770 2021 5335 2330 1373 3765 5730 
14150)1635 1740 2217 1715 4006 1722 4017 2524 
14160)2025 2440 0611 1405 0000 4562 0074 0077 
14170)4535 0212 0215 0100 0336 0200 4747 7642 
14200)0435 1122 0503 2433 4026 6704 0000 2023 
14210)5770 0000 1723 5770 0000 1723 5761 6200 
14220)1723 5767 7000 0552 2452 1752 2300 1525 
14230)1424 1155 7000 0222 0116 0440 3000 0405 
14240)0323 3123 2405 1555 7000 1135 1414 0507 
14250)0114 4077 0000 1135 1414 0507 0114 4052 
14260)0000 7405 3515 2024 3176 4040 0000 4006 
14270)3522 0505 4002 1417 0313 2300 4023 3531 
14300)2324 0515 4040 3326 3505 2223 1117 1600 
14310)0535 2125 0114 2340 1720 2411 1716 4002 
14320)0104 0000 0235 0104 4004 1122 0503 2417 
14330)2231 0000 0535 2222 1722 4027 2211 2411 
14340)1607 4006 1114 0500 0535 2222 1722 4003 
14350)1417 2311 1607 4006 1114 0500 0535 2222 
14360)1722 4022 0501 0411 1607 4004 1122 0503 
14370)2417 2231 0000 0435 0526 1103 0540 0417 
14400)0523 4016 1724 4010 0126 0540 0140 0411 
14410)2205 0324 1722 3100 1617 4024 2431 4010 
14420)0116 0414 0522 0000 0235 0104 1235 0116 
14430)0635 0502 1535 0122 0135 2022 1535 0131 
14440)1235 2516 1235 2514 0135 2507 2335 0520 
14450)1735 0324 1635 1726 0435 0503 0000 1032 
14460)0377 7640 1034 7141 0776 6201 7650 5656 
14470)1032 0375 1263 3301 1431 4315 3311 1427 
14500)4315 7141 1311 7440 5656 1301 3311 1427 
14510)0374 7141 1431 0374 5656 0000 7450 5715 
14520)6211 0373 3030 1776 0373 7041 1030 7740 
14530)1374 1372 1030 6201 5715 0000 0371 7450 
14540)1370 1367 7450 5357 1366 7450 5356 1365 
14550)7510 1362 1370 6211 4433 5735 1370 1364 
14560)3362 5735 0100 0000 0100 7775 7776 7745 
14570)0040 0077 0106 0007 7770 0020 7666 0420 
14600)7610 5205 4777 0005 5200 7326 0776 7650 
14610)5213 4775 4240 1374 7120 1773 7660 5335 
14620)1772 7450 1371 3772 1370 3021 1367 4766 
14630)1365 7450 5341 1364 7650 5337 2021 5226 
14640)1367 3020 1370 3021 1020 4766 1363 7640 
14650)5263 7326 1021 7440 1362 7650 2021 1020 
14660)4766 7640 5337 2021 5244 1420 7650 5273 
14670)1203 1020 5241 1361 3315 1361 3304 1760 
14700)7450 5310 4777 0001 7201 7402 1304 5322 
14710)3314 4777 0001 5524 0000 7201 5343 1314 
14720)3760 1315 3023 1357 3330 1760 4777 0003 
14730)7601 0000 5345 1330 5756 4775 4350 4775 
14740)4313 4775 4305 4775 4454 4775 4210 1755 
14750)7700 5202 6203 5767 0000 7642 2002 7601 
14760)7600 7201 0006 7726 0025 7701 4111 7605 
14770)7770 0411 7604 7646 7764 4061 7644 0200 

# JSW 6503
# START 14600
