#!/usr/bin/env os8
# e8.sv

# Segment 0: 29 pages
00000)0000 0000 0000 0000 0000 0000 0000 0000 
00010)0000 0000 0000 0000 0000 0000 0000 0000 
00020)0000 6221 0000 6301 0000 6301 0000 6221 
00030)0000 6221 0000 6221 0000 0000 0000 0000 
00040)0000 0000 0000 0000 0000 0000 0000 0000 
00050)0000 0000 0000 0000 0000 0000 0000 0000 
00060)0000 0000 0000 0000 0000 0000 0000 0000 
00070)0000 6301 0000 6221 0000 6301 0000 6221 
00100)0000 0000 0000 0000 0000 0000 0000 0000 
00110)0000 0000 0000 0000 0000 0000 0000 0000 
00120)0000 0000 0000 0000 0000 0000 0000 0000 
00130)0000 0000 0000 0000 0000 0000 0000 0000 
00140)0000 0000 0000 0000 5650 7771 0026 7763 
00150)0030 0033 7730 0120 0022 1557 1477 6301 
00160)6221 0020 0034 0024 7770 0010 0032 0007 
00170)0260 0012 0015 0011 0077 0040 7740 1346 
00200)6046 4777 4776 5775 1037 7650 4774 3037 
00210)4773 4772 4771 4770 1176 7510 5223 1175 
00220)4767 5235 5204 1175 1366 3256 1656 7450 
00230)5235 3256 4656 5235 5204 1365 4764 5204 
00240)0000 4770 4763 0174 1362 5225 0000 1361 
00250)4760 4771 4770 0357 1356 5225 0000 0000 
00260)1173 4767 7410 2257 5657 0000 1172 4767 
00270)7410 2265 5665 0000 4265 5673 4257 5673 
00300)2273 5673 0000 1355 4760 4771 4770 5702 
00310)0000 4302 4767 7410 2310 5710 0000 4302 
00320)1354 7500 5325 7200 5716 0357 4767 5716 
00330)2316 5716 0000 4753 5732 1352 3053 3054 
00340)4751 5775 0000 0000 0000 0000 0000 0000 
00350)0000 2134 0051 4310 7700 0021 0540 0037 
00360)3006 0030 0440 3137 0612 0007 0400 0721 
00370)0600 2073 5702 4400 3001 7600 3334 6107 
00400)4500 1225 1103 0000 1116 1200 1070 0000 
00410)1131 0257 0273 2712 2662 0265 1213 1156 
00420)1242 0310 0000 5000 0000 0000 2473 4537 
00430)0246 4644 0332 0240 0000 0000 0000 0000 
00440)0000 1225 5314 0000 5322 1200 5306 0000 
00450)5335 0000 0000 0000 0000 0000 5200 0000 
00460)0000 0316 5742 5000 0000 0000 2521 4600 
00470)0000 0000 0000 6400 0000 0000 0000 0000 
00500)0000 0000 0000 0000 0000 6200 0000 0000 
00510)0000 0000 0000 0000 0000 0000 0000 0000 
00520)0000 0000 0000 0000 0000 0000 0000 0000 
00530)0000 0000 0000 0000 1140 0000 1147 0000 
00540)0000 0000 0000 0000 0000 0000 3053 0000 
00550)0000 3103 0000 0000 0000 0000 0000 0000 
00560)0000 0000 4654 4103 0000 0000 0000 4136 
00570)4510 0000 0000 0000 0000 0000 0000 0000 
00600)0000 6031 5201 6036 0377 1376 7450 1375 
00610)1377 5600 0000 6041 5213 6046 7200 5612 
00620)0000 3233 1620 3275 2220 1633 7450 5620 
00630)2233 4675 5225 0000 0000 3041 3042 1374 
00640)3270 1634 3275 2234 1171 4773 1042 1170 
00650)3670 2270 3042 1041 7640 5244 7240 1270 
00660)3270 1670 4675 1270 1372 7640 5256 5634 
00670)0000 0000 0000 0000 0000 0000 0000 3271 
00700)1676 3275 2276 1371 3270 1271 7106 7004 
00710)3271 1271 7004 0167 1170 4675 2270 5305 
00720)5676 0000 3067 1166 4770 0024 5340 2321 
00730)1067 4767 0032 1166 4354 7240 3036 5721 
00740)1366 4765 3006 2037 5721 4002 2506 0605 
00750)2240 0625 1414 4100 0000 3065 2465 5754 
00760)2065 1465 1165 3465 5754 2632 0745 1027 
00770)1046 7774 7107 3600 0671 7611 7601 0177 
01000)0000 3065 7360 1465 3465 7420 5600 2065 
01010)1465 1164 3465 5600 0000 3065 1465 3066 
01020)2065 1465 3223 0000 1466 6201 5614 0000 
01030)3067 1627 2227 3065 1465 3066 2065 1465 
01040)3241 0000 1067 3466 6201 5627 0000 3065 
01050)1646 2246 3066 1465 7041 1466 7640 5266 
01060)2065 2066 1465 7041 1466 7640 2246 5646 
01070)0000 1163 4246 0022 5670 2270 4777 1162 
01100)4776 4775 5670 0000 1161 4246 0032 5703 
01110)2303 4774 1162 4200 4773 5703 0000 1163 
01120)4246 0022 5716 2316 1163 4776 7240 3036 
01130)5716 0000 4303 5731 4316 4577 2331 5731 
01140)0000 3034 1160 3035 4773 2340 5740 0000 
01150)3034 1157 3035 4775 2347 5747 0000 4772 
01160)5756 4303 4577 2356 5756 0000 0000 0000 
01170)0000 0000 0265 1464 1406 1414 0754 1400 
01200)0000 2200 4777 1172 4254 5210 4776 5600 
01210)4775 4577 5600 0000 4777 1172 4254 5613 
01220)1162 4774 4776 2213 5613 0000 2225 4773 
01230)1172 4310 5237 1162 4774 4772 5625 4771 
01240)4577 5625 0000 4773 1172 4310 5642 4772 
01250)4225 4577 2242 5642 0000 7041 3044 1035 
01260)3270 1034 7640 5270 1270 1156 7650 5306 
01270)0000 1434 1044 7650 5303 2034 5261 1270 
01300)1165 3270 5261 1270 3035 2254 6201 5654 
01310)0000 7041 3044 1035 3334 1034 7640 5324 
01320)1334 1155 7650 5344 7360 1034 3034 7620 
01330)5334 1334 1164 3334 0000 1434 1044 7640 
01340)5315 1334 3035 2310 6201 5710 0000 1370 
01350)4767 0612 1346 4766 0612 5765 0000 0000 
01360)0000 0000 0000 0000 0000 7600 0676 2632 
01370)5517 1140 1464 1406 0754 1147 1414 1400 
01400)0000 1024 3034 1025 3035 5600 0000 1032 
01410)3034 1033 3035 5606 0000 1034 7041 3045 
01420)1035 7041 3046 1025 3245 1033 3247 1024 
01430)1045 7640 5245 1245 1046 7640 5245 6201 
01440)1245 3025 1247 3033 5614 0000 1424 0000 
01450)3432 2024 5256 1245 1165 3245 2032 5227 
01460)1247 1165 3247 5227 0000 1034 7041 3045 
01470)1035 7041 3046 1025 3337 1033 3335 1032 
01500)1045 7640 5315 1335 1046 7640 5315 6201 
01510)1337 3025 1335 3033 5664 7360 1024 3024 
01520)7420 5325 1337 1164 3337 7360 1032 3032 
01530)7420 5335 1335 1164 3335 0000 1432 0000 
01540)3424 5277 0000 1154 4777 1161 4776 1163 
01550)4776 1166 4775 4774 5742 0000 0000 0000 
01560)0000 0000 0000 0000 0000 0000 0000 0000 
01570)0000 0000 0000 0000 2400 2322 2337 2302 
01600)0000 3054 1377 3062 5600 0000 7344 6211 
01610)3462 6201 5605 0000 4200 1376 3353 1057 
01620)1064 7650 5253 0000 1457 2057 5234 3354 
01630)1223 1165 3223 1354 1375 6211 7510 5307 
01640)1374 3462 2062 2353 5217 7240 3353 7240 
01650)1062 3062 5217 1063 7640 5301 1223 7041 
01660)1033 7640 5223 1024 3057 1025 3223 1053 
01670)3055 1353 1373 3056 2063 3064 1057 7640 
01700)5223 1223 7041 1023 7640 5223 5351 1372 
01710)7440 5330 1353 1373 0167 1371 3354 1175 
01720)3462 2062 2353 7410 5245 2354 5317 5217 
01730)1370 7450 5351 1367 3354 1366 3462 2062 
01740)2353 7410 5245 1354 3462 2062 2353 5217 
01750)5245 4205 5613 0000 0000 0000 0000 0000 
01760)0000 0000 0000 0000 0000 0000 0136 0115 
01770)7774 7770 0027 0117 0040 7740 7661 6440 
02000)0000 1060 3061 4777 3262 6211 1462 7041 
02010)1461 7640 5217 2054 2062 2061 5206 1462 
02020)0461 6201 7710 5600 4334 6211 1461 7710 
02030)2262 1462 7510 5244 3461 1462 6201 4776 
02040)2054 2062 2061 5225 7240 3461 6201 1262 
02050)7640 5600 1375 4774 0612 5600 0033 0333 
02060)0313 0000 0000 0000 2053 1060 1153 3060 
02070)6031 2263 5663 0000 4773 3060 3061 3053 
02100)3063 1032 7041 3064 1030 3057 1031 3772 
02110)4771 4200 4263 5333 1053 1152 7640 5310 
02120)4770 4200 4263 5333 4767 4200 1055 3053 
02130)1056 3054 4334 5673 0000 1151 4776 1366 
02140)4776 1053 7001 4765 0612 1364 4776 1054 
02150)7001 4765 0612 1363 4776 5734 0000 0000 
02160)0000 0000 0000 0310 0273 0634 0333 3030 
02170)2200 1613 1623 2417 0620 2056 0612 1600 
02200)0000 4777 1376 4775 2406 4774 1036 7650 
02210)5216 1373 3062 1372 4775 2406 1371 3062 
02220)1770 3257 3770 1367 4775 2406 1366 4765 
02230)1257 3770 1370 4775 2406 4764 1363 3062 
02240)1171 4762 1042 1170 6211 3462 6201 7240 
02250)1062 3062 3042 1041 7640 5240 5600 0000 
02260)5555 5555 4040 4040 4040 4040 4040 4040 
02270)4040 4040 0000 5252 0000 0000 0000 3041 
02300)3042 5676 0000 3275 1675 3041 2275 1675 
02310)3042 5702 0000 3275 1041 3675 2275 1042 
02320)3675 5712 0000 3275 7100 1041 1675 3041 
02330)2275 7006 7006 1042 1675 3042 5722 0000 
02340)3275 1675 7141 1041 3041 2275 1675 7040 
02350)7420 1361 7001 1042 3042 5737 0000 0000 
02360)0000 7770 3600 6463 1542 2406 0256 3551 
02370)3554 6445 2273 6441 1605 2632 2260 1600 
02400)0000 1042 7112 7010 3042 5600 0000 6211 
02410)3462 6201 1062 1377 7640 2062 5606 0000 
02420)1020 3271 1021 3272 4776 3270 1172 4775 
02430)5257 1162 4774 1162 4773 0030 5617 2270 
02440)1270 1372 7640 5250 1034 3271 1035 3272 
02450)1270 1152 7650 5263 1162 4771 5226 1150 
02460)4773 0020 5617 1271 3030 1272 3031 5617 
02470)0000 0000 0000 0000 1055 1370 3270 4767 
02500)1172 4766 5312 1162 4774 2270 5300 4765 
02510)2273 5673 1270 1364 7710 5673 4763 4577 
02520)5310 0000 1055 7041 1362 3270 4776 1172 
02530)4775 5341 2270 5327 1162 4774 4761 2321 
02540)5721 1150 4773 0020 5721 4760 4577 5337 
02550)0000 0000 0000 0000 0000 0000 0000 0000 
02560)1140 1464 7753 1147 0023 1414 1254 1400 
02570)7705 1000 7754 1046 0754 1310 1406 1221 
02600)0000 4777 3224 1224 1376 7710 5213 1224 
02610)1375 7710 5222 1224 1374 7710 5600 1224 
02620)1373 7710 2200 5600 0000 0000 1372 0174 
02630)1372 5625 0000 3260 1632 2232 3261 1660 
02640)7012 7012 7012 0174 7450 5632 4225 4661 
02650)1660 0174 7450 5632 4225 4661 2260 5237 
02660)0000 0000 0000 4771 2262 1370 3311 4767 
02670)1172 4766 5304 2311 5270 1162 4765 1034 
02700)3030 1035 3031 5662 1020 3030 1021 3031 
02710)5662 0000 0000 4764 1172 4763 5336 1163 
02720)4762 0034 7410 5326 1162 4765 1034 3024 
02730)1035 3025 2312 7240 3036 5712 1163 4762 
02740)0022 5712 1022 3024 1023 3025 5332 0000 
02750)0000 0000 0000 0000 0000 0000 0000 0000 
02760)0000 0000 1046 1254 1400 0754 1310 1406 
02770)7754 6107 0040 7645 7677 7706 7720 3137 
03000)0000 0000 1377 3200 3600 5601 0000 3600 
03010)1200 1376 7640 2200 3600 5606 0000 1200 
03020)1375 7650 5616 7240 1200 3200 3600 5616 
03030)0000 4774 1377 3200 1600 7450 5251 1373 
03040)7700 5245 1372 4771 1370 1600 4771 2200 
03050)5234 4767 5630 0000 4766 5653 4322 5653 
03060)4765 1364 4763 5273 4762 5301 3036 4761 
03070)4577 2253 5653 4201 1360 4757 3006 2037 
03100)5266 4756 5653 0000 4766 5703 1364 4763 
03110)5315 4762 7410 2303 5703 1355 4757 3006 
03120)2037 5703 0000 4754 5722 2322 1020 3032 
03130)1021 3033 1022 3024 1023 3025 5722 0000 
03140)1353 7510 1352 1370 5737 0000 0000 0000 
03150)0000 0000 0040 7640 4310 5400 3217 2632 
03160)5406 1140 3230 3321 3545 3527 3400 1605 
03170)0100 2406 0136 7740 1600 2200 2131 5600 
03200)0000 1377 7450 5600 1376 7450 5212 1171 
03210)4775 5214 2200 5600 2216 5600 0000 0000 
03220)3774 3773 5617 0000 1774 7640 2223 5623 
03230)0000 1327 3237 3216 4443 0200 6600 0000 
03240)5307 2237 1372 3317 1236 3316 1716 0371 
03250)4200 5301 1716 0370 7112 7012 3320 2316 
03260)1716 0371 4200 5301 1716 7006 7006 7004 
03270)0367 1320 4200 5301 2316 2317 5246 2330 
03300)5234 1163 4766 0032 7410 2230 5630 7700 
03310)1365 1364 4763 3006 2037 5630 0000 0000 
03320)0000 0000 3327 1345 6212 4762 0002 0000 
03330)0000 7410 2321 5721 0000 6212 4762 0013 
03340)0000 6212 4762 0001 0423 1300 7201 5734 
03350)1346 3043 2334 5734 0000 0000 0000 0000 
03360)0000 0000 7700 2632 5413 0005 1046 0017 
03370)3400 0177 7600 3554 3551 0721 0020 7746 
03400)0000 4777 1376 4775 3006 4774 3345 3346 
03410)3347 3350 1373 3342 3343 3344 4772 3341 
03420)1341 1371 7650 5600 1341 1370 7650 5322 
03430)1341 1367 7650 5201 1341 1366 7640 5253 
03440)1343 7640 5317 1345 7650 5317 2343 1365 
03450)3342 3344 5313 1343 7640 5260 1347 7410 
03460)1350 0174 7640 5317 1341 4764 3341 1341 
03470)4763 5317 1344 7640 5305 1341 0174 7106 
03500)7006 7006 3742 2344 5313 1341 0174 1742 
03510)3742 3344 2342 1341 4762 4774 5216 1361 
03520)4760 5216 1345 7650 5317 2200 5600 0000 
03530)1345 3351 1346 3352 1347 3353 1350 3354 
03540)5727 0000 0000 0000 0000 0000 0000 0000 
03550)0000 0000 0000 0000 0000 0000 0000 0000 
03560)0612 0007 3006 2600 3137 3550 7722 7770 
03570)7763 7771 0600 3545 2073 2632 5470 3001 
03600)0000 7041 3225 1377 3226 7100 5217 1042 
03610)7004 3042 1042 1225 7430 3042 7200 1041 
03620)7004 3041 2226 5207 5600 0000 0000 0000 
03630)4776 1172 4775 5627 1162 4774 1050 4773 
03640)1042 7700 5627 2317 7410 2320 1162 4772 
03650)5231 0000 4771 1172 4770 5651 1367 4774 
03660)1047 4773 1042 7710 5651 2317 7410 2320 
03670)5253 0000 1166 4774 1047 4773 1050 4766 
03700)1163 4773 4765 1364 4763 4227 4251 1364 
03710)4774 1362 4200 1041 7001 3052 5671 0000 
03720)0000 0000 1051 3334 1052 7001 7106 7006 
03730)1761 6212 4760 0003 0000 0000 5721 1334 
03740)3757 3756 2321 5721 0000 0000 0000 0000 
03750)0000 0000 0000 0000 0000 0000 4010 4066 
03760)7700 3345 0600 2312 3717 2400 2322 0034 
03770)1310 1406 0754 2337 2302 1254 1400 7763 
04000)0000 1051 3207 1777 6212 4776 0004 0000 
04010)0000 7410 2200 5600 0000 3276 1277 7440 
04020)5225 1276 3300 2277 5274 7710 5234 1276 
04030)3301 7240 3277 5274 1276 0375 7106 7006 
04040)1300 3702 2302 1276 0374 7112 7012 7010 
04050)1301 3702 2302 3277 1302 1373 7640 5274 
04060)2772 7410 5614 4443 4200 6600 0000 5614 
04070)2266 2210 1265 3302 2214 5614 0000 0000 
04100)0000 0000 0000 0000 1161 3047 1154 3050 
04110)1371 3051 4770 7410 5320 4767 5703 4766 
04120)4765 5703 3036 1052 4764 3006 1363 4762 
04130)1210 4764 3006 2037 2303 5703 0000 4761 
04140)4303 7410 2336 5736 0000 0000 0000 0000 
04150)0000 0000 0000 0000 0000 0000 0000 0000 
04160)0000 3217 3006 0254 0634 4200 3527 3400 
04170)3223 3551 3735 0600 0017 0360 7700 3345 
04200)0000 1777 3776 3775 4774 4773 5274 1447 
04210)3034 2047 1447 3035 7240 1047 3047 1166 
04220)4772 0034 5251 1050 4772 0034 5256 1162 
04230)4771 1147 7450 5240 1172 4770 5276 5246 
04240)1172 4770 5276 1171 4770 5276 1162 4767 
04250)5217 1024 3034 1025 3035 5223 1366 4770 
04260)5276 1776 1365 7650 5270 4770 5276 5261 
04270)4764 5303 2200 5600 1363 5304 3762 4764 
04300)7000 1361 5304 1360 4757 3006 2037 5600 
04310)0000 1036 7650 5340 4756 1355 4757 3006 
04320)4754 4753 1352 7450 5336 1351 7450 5340 
04330)1350 7650 5710 1167 4747 5321 4746 7410 
04340)2310 5710 0000 0000 0000 0000 4103 0612 
04350)0107 0013 7647 0600 2073 5457 3001 2632 
04360)5437 5431 4010 5423 4000 1200 0032 0754 
04370)4014 1014 1046 3721 3671 4077 4102 4065 
04400)0000 1040 7640 5236 1146 4777 1166 4776 
04410)1042 7710 5267 1163 4775 1041 3026 1042 
04420)3027 2040 1154 4777 1146 4776 1042 7700 
04430)5267 1022 3026 1023 3027 5267 1146 4777 
04440)1163 4776 1042 7700 5267 1166 4775 1041 
04450)3026 1042 3027 3040 1146 4777 1161 4776 
04460)1042 7700 5267 1020 3026 1021 3027 5600 
04470)0000 1024 3026 1025 3027 7201 3040 5670 
04500)0000 4270 1374 4773 3006 2037 2300 5700 
04510)0000 2310 1026 3034 1027 3035 1040 7640 
04520)5330 1024 3026 1025 3027 4772 2040 5710 
04530)1032 3026 1033 3027 4771 3040 5710 0000 
04540)4770 5737 2337 7240 3036 1040 7640 5355 
04550)1026 3032 1027 3033 5737 1026 3024 1027 
04560)3025 5737 0000 0000 0000 0000 0000 0000 
04570)4600 1414 1464 2632 5445 2322 2337 2302 
04600)0000 1040 7640 5215 1146 4777 0032 5233 
04610)1146 3047 1163 3050 5225 1146 4777 0024 
04620)5233 1166 3047 1146 3050 1376 3051 4775 
04630)7410 2200 5600 1374 4773 3006 2037 5600 
04640)0314 1120 0000 0570 0000 1376 4772 5644 
04650)4771 7410 2244 5644 0000 1770 7650 5654 
04660)7240 1767 3766 4765 5654 4771 7000 2254 
04670)5654 0000 1364 3333 1733 7710 5331 1733 
04700)4763 5671 1034 3334 1035 3335 2333 1362 
04710)4761 1733 7710 5331 1362 4777 0022 5671 
04720)1362 4760 7041 1733 7650 5306 1162 4761 
04730)5272 2271 5671 0000 0000 0000 0000 0000 
04740)0000 0000 0000 0000 0000 0000 0000 0000 
04750)0000 0000 0000 0000 0000 0000 0000 0000 
04760)1014 0754 4734 1254 5650 3122 3327 3237 
04770)3216 3230 3321 2632 5452 4200 4640 1046 
05000)0000 2200 4777 1376 4775 3006 1374 3326 
05010)4773 7240 3726 4772 4771 4770 1164 7450 
05020)5254 1367 7450 5302 1366 7450 5600 1172 
05030)3325 1326 1365 7650 5314 1325 1364 7450 
05040)1363 1362 3726 2326 7240 3726 4761 5317 
05050)4760 1325 4757 5213 1326 1356 7640 5263 
05060)1167 4755 5215 7240 1326 3326 7240 3726 
05070)4754 4753 4577 4773 4771 4761 4577 4760 
05100)4752 5213 1162 4751 0022 5314 1162 4750 
05110)4761 5314 4760 5213 1167 4755 5213 1167 
05120)4755 7240 1326 3326 5211 0000 0000 0000 
05130)0000 0000 0000 0000 0000 0000 0000 0000 
05140)0000 0000 0000 0000 0000 0000 0000 0000 
05150)0754 1046 3016 4510 4400 0612 2130 3006 
05160)1414 4671 0016 7777 7762 2114 7771 0002 
05170)0600 1400 2073 4470 5650 2632 5474 3001 
05200)0000 1777 7710 5600 4776 1162 4775 0022 
05210)5600 1162 4774 4773 5600 4772 2200 5600 
05220)0000 4776 1162 4775 0022 5620 1162 4771 
05230)4770 7410 5236 1162 4774 5222 1162 4774 
05240)1162 4775 0022 5251 1162 4771 4770 5251 
05250)5236 2220 5620 0000 4767 1162 4775 0020 
05260)5653 1162 4766 1162 4771 4770 5255 1162 
05270)4766 1162 4775 0020 5304 1162 4771 4770 
05300)7410 5267 1162 4774 2253 5653 0000 4220 
05310)5706 4772 2306 5706 0000 4253 5714 4765 
05320)2314 5714 0000 4220 5722 1034 3024 1035 
05330)3025 7240 3036 2322 5722 0000 4253 5735 
05340)1034 3032 1035 3033 7240 3036 2335 5735 
05350)0000 0000 0000 0000 0000 0000 0000 0000 
05360)0000 0000 0000 0000 0000 1464 1000 1406 
05370)2600 1014 1414 4671 0754 1046 1400 5650 
05400)4016 1724 4006 1725 1604 0000 1605 2740 
05410)0611 1405 0000 0601 2401 1440 0522 2200 
05420)0517 0677 0000 0522 2240 1720 0516 1116 
05430)0700 0522 2240 2722 1124 1116 0700 0522 
05440)2240 0314 1723 1116 0700 1501 2213 4023 
05450)0524 0000 1617 4022 0507 1117 1600 2301 
05460)2605 7740 5031 5440 1654 4036 0751 7200 
05470)0611 1405 7240 0000 2305 0122 0310 7240 
05500)0000 2205 2014 0103 0572 4000 4027 1124 
05510)1072 4000 2205 2014 0103 0504 4000 0123 
05520)2305 2224 1117 1640 0601 1114 2522 0540 
05530)0124 4000 0000 3345 3346 1745 2345 7710 
05540)5343 2346 5335 1346 5732 0000 0000 0000 
05550)0000 0000 0000 0000 0000 0000 0000 0000 
05560)0000 0000 0000 0000 0000 0000 0000 0000 
05570)0000 0000 0000 0000 0000 0000 0000 0000 
05600)0000 0000 0000 0000 0000 0000 0000 0000 
05610)0000 0000 0000 0000 0000 0000 0000 0000 
05620)0000 0000 0000 0000 0000 0000 0000 0000 
05630)0000 0000 0000 0000 0000 0000 0000 0000 
05640)0000 0000 0000 0000 0000 0000 0000 0000 
05650)7777 0000 0000 0000 0000 0000 0000 0000 
05660)0000 0000 0000 0000 0000 7777 0000 0000 
05670)0000 0000 0000 0000 0000 0000 0000 0000 
05700)0000 0000 0000 1163 4777 1376 4775 1042 
05710)7710 5321 1374 4777 1166 4775 1042 7700 
05720)5331 1024 3070 1025 3071 1032 3072 1033 
05730)3073 1024 3074 1025 3075 1032 3076 1033 
05740)3077 5702 0000 1163 4773 0070 7410 5354 
05750)1166 4773 0072 5742 1070 3024 1071 3025 
05760)1072 3032 1073 3033 2342 5742 0000 0000 
05770)0000 0000 0000 1046 0076 2337 0074 2302 
06000)0000 1600 2200 4777 3006 4776 1600 2200 
06010)3304 1304 3303 1600 2200 7041 3305 7240 
06020)3703 4775 1145 7450 5256 1374 7450 5301 
06030)1373 7450 5264 1372 3306 1303 1305 7650 
06040)5261 1306 4771 4776 1306 1370 7450 1367 
06050)1366 3703 2303 7240 3703 5221 7240 3704 
06060)5600 1167 4765 5221 1304 7041 1303 7650 
06070)5261 7240 1303 3303 7240 3703 4764 4776 
06100)5221 2200 5600 0000 0000 0000 0000 0000 
06110)3061 1363 3053 6211 7240 3461 1061 1362 
06120)3061 2053 5314 6201 1361 4760 0612 5707 
06130)0033 0333 0262 0312 0000 0000 0000 0000 
06140)0000 0000 0000 0000 0000 0000 0000 0000 
06150)0000 0000 0000 0000 0000 0000 0000 0000 
06160)0620 6130 0120 7726 3016 0612 0016 7777 
06170)7762 3006 0010 0005 7772 0600 2073 2632 
06200)0000 4777 4776 5501 5650 5664 5600 1144 
06210)4775 7450 5201 3306 4776 5506 5665 5701 
06220)5600 3305 4774 4773 5273 4772 4771 4770 
06230)4767 1147 7450 5273 1366 7450 5253 1365 
06240)7450 5256 1364 7450 5271 1363 7450 5262 
06250)1167 4762 5227 4307 5273 5222 4774 1162 
06260)4761 5223 4307 5273 4774 4773 5273 4772 
06270)5262 4307 7000 4777 1360 4757 3006 1305 
06300)4756 3006 2037 2200 5600 0000 0000 0000 
06310)7100 1024 1306 3024 7420 5321 1025 1165 
06320)3025 7240 3036 1355 3343 1743 2343 7510 
06330)5337 4754 7410 5325 1167 4762 5707 7200 
06340)2305 2307 5707 0000 0000 0000 0000 0000 
06350)0000 0000 0000 0000 0721 5665 0634 2632 
06360)5512 0754 0612 0015 0040 7722 7755 3137 
06370)0600 2073 1414 4671 1400 5532 6000 3001 
06400)0000 4777 1376 3240 1240 0375 7640 5223 
06410)1374 1240 3240 1640 7450 5600 3240 4640 
06420)7410 2200 5600 1240 1373 3240 1240 0372 
06430)7640 5600 4777 1371 7640 5600 1370 5211 
06440)0000 1242 1213 1070 1103 1225 0000 1116 
06450)1200 2521 2473 0000 0000 0000 0000 0000 
06460)0000 0000 0000 0000 0000 0000 0000 0000 
06470)0000 0000 0000 0000 0000 0000 0000 0000 
06500)0000 0000 0000 0000 0000 0000 0000 0000 
06510)0000 0000 0000 0000 0000 0000 0000 0000 
06520)0000 0000 0000 0000 0000 0000 0000 0000 
06530)0000 0000 0000 0000 0000 0000 0000 0000 
06540)0000 0000 0000 0000 0000 0000 0000 0000 
06550)0000 0000 0000 0000 0000 0000 0000 0000 
06560)0000 0000 0000 0000 0000 0000 0000 0000 
06570)6445 7602 7770 0020 6441 7774 7677 0600 
06600)0000 0000 0000 0000 0000 0000 0000 0000 
06610)0000 0000 0000 0000 0000 0000 0000 0000 
06620)0000 0000 0000 0000 0000 0000 0000 0000 
06630)0000 0000 0000 0000 0000 0000 0000 0000 
06640)0000 0000 0000 0000 0000 0000 0000 0000 
06650)0000 0000 0000 0000 0000 0000 0000 0000 
06660)0000 0000 0000 0000 0000 0000 0000 0000 
06670)0000 0000 0000 0000 0000 0000 0000 0000 
06700)0000 0000 0000 0000 0000 0000 0000 0000 
06710)0000 0000 0000 0000 0000 0000 0000 0000 
06720)0000 0000 0000 0000 0000 0000 0000 0000 
06730)0000 0000 0000 0000 0000 0000 0000 0000 
06740)0000 0000 0000 0000 0000 0000 0000 0000 
06750)0000 0000 0000 0000 0000 0000 0000 0000 
06760)0000 0000 0000 0000 0000 0000 0000 0000 
06770)0000 0000 0000 0000 0000 0000 0000 0000 
07000)0000 0000 0000 0000 0000 0000 0000 0000 
07010)0000 0000 0000 0000 0000 0000 0000 0000 
07020)0000 0000 0000 0000 0000 0000 0000 0000 
07030)0000 0000 0000 0000 0000 0000 0000 0000 
07040)0000 0000 0000 0000 0000 0000 0000 0000 
07050)0000 0000 0000 0000 0000 0000 0000 0000 
07060)0000 0000 0000 0000 0000 0000 0000 0000 
07070)0000 0000 0000 0000 0000 0000 0000 0000 
07100)0000 0000 0000 0000 0000 0000 0000 0000 
07110)0000 0000 0000 0000 0000 0000 0000 0000 
07120)0000 0000 0000 0000 0000 0000 0000 0000 
07130)0000 0000 0000 0000 0000 0000 0000 0000 
07140)0000 0000 0000 0000 0000 0000 0000 0000 
07150)0000 0000 0000 0000 0000 0000 0000 0000 
07160)0000 0000 0000 0000 0000 0000 0000 0000 
07170)0000 0000 0000 0000 0000 0000 0000 0000 

# JSW 2401
# START 00200
