#!/usr/bin/env os8
# v3d/edit.sv

# Segment 0: 17 pages
00000)0001 6100 7700 7701 7000 7000 7000 0077 
00010)7740 0100 0277 0000 0000 0000 0000 7774 
00020)0177 7563 7540 0040 0200 0240 0257 0233 
00030)0211 0215 0212 0214 0377 0216 7751 0240 
00040)0225 0214 0207 0212 0377 0215 0000 1745 
00050)6751 7770 0637 1026 1027 0200 1226 5414 
00060)1360 0532 1040 0701 0706 0012 7506 1132 
00070)1220 7000 0224 0327 0460 1104 5375 0756 
00100)0747 1711 0456 0453 0000 0000 0000 0000 
00110)0001 0000 0000 0000 0000 1220 2600 0000 
00120)0000 0200 0174 2324 1670 4142 0725 0000 
00130)0232 2024 2054 2006 0037 5301 2727 2726 
00140)2725 2723 0000 7600 1012 4470 1071 3555 
00150)5555 2225 1733 0000 2400 0203 0000 0000 
00160)0000 0000 0000 0240 7777 7107 1367 7600 
00170)0000 1210 7575 1320 0000 0000 0200 3000 
00200)7240 3113 5577 7000 1070 3115 3112 2110 
00210)3046 1075 3477 1125 3526 1146 3566 3175 
00220)1031 4467 1325 4467 3162 3164 1326 1340 
00230)3242 3113 4453 1066 7100 1065 7430 5355 
00240)7200 1113 7402 1164 3164 4327 1373 0216 
00250)1104 3111 4453 4327 1415 0221 4142 1162 
00260)7450 1164 3162 1164 7040 1162 7500 4142 
00270)3163 1162 7710 4142 1111 4327 0300 0064 
00300)4142 0305 0301 0311 0303 0313 0304 0314 
00310)0316 0320 0322 0312 0306 0324 0315 0307 
00320)0323 0331 0321 0302 0326 0243 7737 0000 
00330)7440 3104 1727 2327 3015 1415 7510 5352 
00340)7041 1104 7640 5335 1015 1727 3327 1727 
00350)3327 5727 2327 7200 5727 3327 2175 1113 
00360)7106 1113 7004 1327 5231 1642 1242 1241 
00370)1240 2321 2751 0701 1341 1301 1331 2247 
00400)2275 1307 1443 1421 1200 1337 2000 2304 
00410)2703 2361 4501 2157 2156 1001 7141 1016 
00420)7620 5252 1042 4470 5555 1157 3162 5233 
00430)4452 1162 7650 2162 1162 4462 3114 2112 
00440)6211 1514 6201 3120 7040 1162 3156 1121 
00450)3016 3107 4531 4473 0036 0541 4260 5252 
00460)0000 7100 1016 1171 7630 4142 1104 1022 
00470)7510 5304 1003 7540 5304 1023 7650 5304 
00500)1104 0007 4310 5660 7200 1007 4310 5300 
00510)0000 2107 5323 3332 1332 1161 6211 3416 
00520)6201 3161 5710 7106 7006 7006 3161 7040 
00530)3107 5710 0000 7240 3260 2106 5350 6211 
00540)1413 6201 3142 1142 7012 7012 7012 5353 
00550)7240 3106 1142 0007 1003 7100 7450 2260 
00560)5362 5335 1134 2260 7020 7420 1011 1025 
00570)1172 7450 5333 1036 7450 5333 1130 5732 
00600)1556 1657 0607 0607 1546 1511 0412 1054 
00610)1050 7650 5555 1157 7650 5617 5555 0452 
00620)0000 1620 3131 1620 7101 3054 2220 1620 
00630)3220 1121 1173 7630 4142 5620 0000 0000 
00640)4524 1162 3156 1163 3306 1162 4462 3114 
00650)6211 1514 3117 1517 3514 1117 6201 4516 
00660)2163 5250 1157 7650 3156 1306 1157 3157 
00670)5637 7344 1156 7001 7450 4142 3162 7040 
00700)3163 1070 3115 2112 4306 5555 0000 1162 
00710)7640 5321 1175 7640 4142 1157 7041 3163 
00720)2162 1162 7041 1157 7710 4142 1162 4462 
00730)3114 7040 6211 1514 3013 1413 3120 1013 
00740)3117 6201 7040 3106 1162 3156 2162 4461 
00750)4467 4765 5356 1366 4551 5555 1104 1021 
00760)7640 5347 2163 5321 5706 1257 0317 4501 
00770)1117 4516 2163 5463 5555 4473 0044 1442 
01000)4474 5500 4456 3046 5500 1031 3104 4501 
01010)2162 2156 2157 1031 4467 1121 3016 3107 
01020)4453 4473 0037 1442 4474 5220 0000 3104 
01030)4456 0020 7450 5227 1024 4467 1104 5626 
01040)0000 7041 7500 4142 3113 1113 7001 1157 
01050)7710 4142 1122 5260 6211 1511 6201 7440 
01060)3111 2113 5254 1111 5640 6030 7634 7766 
01070)7777 1164 3162 1017 3106 1327 3313 3105 
01100)7100 1162 7700 1330 1331 3314 5312 2105 
01110)7100 3162 1162 7000 7500 5307 7200 1105 
01120)1326 4470 2313 2106 5277 5555 0260 1265 
01130)0050 7430 0000 3104 4735 3027 5732 4473 
01140)0026 1221 2160 1104 4515 5732 1031 4515 
01150)3160 1043 5344 1030 4515 6212 4565 7710 
01160)5732 1044 5344 1112 7650 5353 1160 1051 
01170)7500 5367 3160 1025 4515 2160 5373 5732 
01200)4456 3046 1076 3477 1121 3016 3107 1053 
01210)7001 3054 5463 1427 1427 1427 1427 1427 
01220)0000 6046 6041 5222 7200 5620 0000 6031 
01230)5227 4272 6036 0020 1024 5626 7777 0004 
01240)1236 1237 1336 3247 2110 4773 1026 0425 
01250)3071 1163 1146 1145 1145 1145 2755 0000 
01260)6031 5657 4272 1271 7640 5657 2257 6032 
01270)5657 7764 0000 1024 6034 1172 7450 5552 
01300)5672 2110 1132 3115 4464 1041 4515 6211 
01310)1567 6201 7650 5555 1132 3115 1010 3257 
01320)6212 4565 7700 4515 2257 5320 6041 5326 
01330)5555 6041 5331 3110 4773 2024 0425 1361 
01340)5342 1135 3460 1162 7450 7001 7041 3105 
01350)1057 3555 1060 3014 3162 3164 3175 3112 
01360)5304 5523 5331 2105 5352 7324 3156 1071 
01370)3555 5555 2250 0620 0212 0240 0253 0254 
01400)0255 0256 0257 0274 0275 0276 0000 0375 
01410)0376 0233 0242 0244 0377 0272 0215 0225 
01420)0203 2156 1162 7450 1156 3162 7410 2162 
01430)7001 1162 4462 3013 7040 3106 4461 4473 
01440)0024 1166 5463 1105 7041 1164 7710 5255 
01450)1170 7040 1164 7750 4142 1105 4462 3163 
01460)7001 1170 4462 3162 1164 4462 3164 6211 
01470)1563 3113 1562 3563 1564 3562 1113 3564 
01500)6201 5555 1013 0747 1002 1005 1511 0767 
01510)1024 1016 7041 1121 1107 7640 1110 7650 
01520)5454 4722 3047 1016 3105 6211 3521 1505 
01530)2107 5350 0007 1003 7640 5345 7040 3107 
01540)7040 1016 3016 1505 0002 3161 6201 5454 
01550)0002 1011 7640 5336 3505 5337 1110 7200 
01560)5502 7040 3106 4531 1022 7650 5362 1104 
01570)3111 2106 1036 1025 3104 4474 1111 5503 
01600)1162 7041 1164 7710 4142 1162 3105 1164 
01610)3170 5472 0672 0226 0226 2720 0227 1701 
01620)1703 0671 1071 0672 0231 2241 2241 2241 
01630)2301 1600 0143 1071 0222 0203 1733 0257 
01640)0203 1733 1127 7640 4142 7240 3162 1150 
01650)3526 1255 3143 5654 1341 5533 0447 4261 
01660)5656 0000 1267 4551 1031 4467 5661 0325 
01670)0000 1162 7041 7001 1163 1157 7710 4142 
01700)5670 1156 7410 1157 3113 3104 2175 5710 
01710)0240 0000 4474 6211 1161 7440 3416 1121 
01720)3514 1120 3521 1121 3114 2016 1016 3121 
01730)3107 6201 5711 4337 6041 5334 5567 0000 
01740)6212 4776 5737 1557 2025 4337 6212 4402 
01750)0010 1346 3744 3127 1240 3155 1071 3555 
01760)1167 3143 1167 3743 1070 3115 2110 1135 
01770)3460 2337 5367 6213 5775 6606 7125 0200 
02000)4734 6211 1567 6201 7650 4142 1157 7650 
02010)5215 1253 3155 5614 1301 4623 7240 6211 
02020)3402 6201 5567 2762 0000 6212 4652 5237 
02030)3104 1104 0020 7450 5225 1024 5624 7710 
02040)5536 1125 3225 1566 7700 5225 7201 3156 
02050)5651 2440 7412 2015 0000 6212 4737 5263 
02060)1132 3115 5654 7710 5537 4734 1555 3355 
02070)1143 3354 1155 3353 6211 2736 1340 1735 
02100)7510 5323 3735 1742 3313 1743 3170 6201 
02110)4570 4110 7000 0000 5537 6213 4756 5540 
02120)6212 4424 0011 7200 6201 1341 3016 1416 
02130)7450 5447 4470 5327 1737 7343 6746 7015 
02140)7775 2156 7267 7215 1353 3155 1355 3555 
02150)1354 3143 5260 0000 0000 0000 7276 0306 
02160)0325 0314 0314 0215 0212 0000 0000 0000 
02170)0000 0000 0000 0000 0000 0000 0000 0000 
02200)0000 0000 0000 0000 0000 0000 0000 0000 
02210)0000 0000 0247 0242 0377 0203 0225 5772 
02220)2431 2430 2573 1733 2237 0000 3170 6041 
02230)5227 1236 4470 1170 4470 5625 0336 4777 
02240)5776 3153 4554 4142 1156 5646 0225 3153 
02250)4554 5257 6041 5252 1071 3555 5555 1700 
02260)7650 4142 2153 1217 3566 7001 3162 1127 
02270)7640 5673 5674 1337 1341 2153 2156 5250 
02300)2564 2156 2153 5242 7100 1121 1173 7630 
02310)5315 1121 7041 1001 1320 3164 5717 1071 
02320)0360 1162 7640 4142 1055 3121 3157 3156 
02330)6211 3522 6201 5555 6213 1760 7640 5754 
02340)1756 3346 1757 6201 4424 0001 0000 5541 
02350)1346 6213 3755 5754 6664 7436 7563 7411 
02360)7560 1375 4470 1374 4470 1373 4470 1372 
02370)4470 5555 0301 0262 0261 0326 0203 1661 
02400)0000 2110 1153 7640 5240 1372 3366 1371 
02410)3016 1361 4470 2112 4453 4473 2211 0006 
02420)2366 5225 7240 3366 5213 1104 3416 5214 
02430)1156 7001 3156 1016 7041 1371 3364 3416 
02440)1364 7650 5335 4350 1156 4462 3114 3370 
02450)6211 1514 3363 1763 3367 6201 1156 7041 
02460)1157 7710 5335 1363 3013 7040 3106 4461 
02470)3363 1363 1021 7640 5303 2156 4350 3370 
02500)6211 1367 5252 1363 1362 7640 5314 2370 
02510)7240 3365 4344 5267 2365 5326 1106 7710 
02520)5325 7040 1013 3013 7040 3106 4350 3370 
02530)5267 1370 1364 7650 5342 1157 7640 7001 
02540)3156 7410 2200 5600 0000 1344 3350 5353 
02550)0000 1371 3016 1416 7450 5331 7041 3362 
02560)5750 0244 0000 0000 0000 0000 0000 0000 
02570)0001 2165 7754 1031 4467 5201 7566 7567 
02600)0000 3267 1267 3014 7001 3106 6211 2106 
02610)1414 1270 7450 5217 1322 7640 5207 1106 
02620)7041 3312 6201 7001 4462 6211 3105 1505 
02630)7450 5236 4271 3505 1142 5226 6201 7120 
02640)1121 7041 1014 7520 4142 3106 6211 7040 
02650)1267 3013 1414 3413 2106 5252 6201 1013 
02660)3121 1121 3016 1114 4271 3114 5600 0000 
02670)0063 0000 3142 7100 1142 7041 1267 7620 
02700)1312 1142 5671 1377 3115 2112 4464 1041 
02710)4515 5555 0000 6666 6661 5314 7200 5712 
02720)1164 5472 6215 7001 7001 7001 7001 3170 
02730)6046 6041 5331 1031 4470 1043 4470 1012 
02740)4470 1170 1347 4470 1350 4551 5552 0260 
02750)0303 4452 6041 5352 5555 1361 4551 5760 
02760)1145 0316 0000 6212 4773 7410 5762 7710 
02770)5325 5772 2065 7276 4445 2515 2510 2712 
03000)1377 3016 1376 3013 1375 3226 6201 1416 
03010)6211 3413 2226 5206 3016 3013 6201 1375 
03020)3774 1047 3177 6213 5625 6600 0000 0000 
03030)2227 1110 7650 5627 1104 1373 7650 5242 
03040)2227 5627 1453 1373 7640 2227 5627 0000 
03050)2247 6211 1772 6201 0371 7640 5262 1270 
03060)4467 5647 1370 4467 1367 4467 1370 5260 
03070)0334 1115 1366 7440 1365 7640 1364 1363 
03100)5762 3014 5550 4545 3062 1022 7710 5435 
03110)1040 1371 7450 5321 1370 7650 5767 7330 
03120)5226 4574 2062 5340 1027 3035 4543 1020 
03130)3014 1021 3015 1022 3016 1035 3017 5211 
03140)1027 7041 1035 7650 5327 4542 5144 5211 
03150)3600 3656 5435 3644 3665 3665 3647 0034 
03160)3262 3242 1144 0244 7767 6306 6560 0240 
03170)0210 0200 7726 7545 0203 7000 6577 3177 
03200)4757 0010 6201 2767 5211 6211 4744 0005 
03210)0000 6211 1366 3765 1631 0355 7640 5223 
03220)6201 2752 6211 1756 7004 3247 1247 7700 
03230)5236 7600 1216 6201 3747 6211 1247 7006 
03240)7700 5257 1754 3247 1631 4744 0001 0000 
03250)5333 1631 4744 0004 7601 0000 0157 1346 
03260)7450 4750 7640 5324 4751 7700 7410 5327 
03270)1346 7650 5302 1631 7650 5206 1363 4753 
03300)5337 7201 3247 3346 4744 0011 4764 7201 
03310)4743 6201 1656 7650 3174 6203 1247 7650 
03320)5745 6046 5723 2144 6203 5726 2334 4744 
03330)0011 6203 5761 4744 0011 6203 5762 4744 
03340)0011 6203 5760 7143 0200 0203 0000 1557 
03350)7401 7201 0127 7250 7361 0017 7643 7700 
03360)2726 2724 2723 5000 7001 7260 7620 0113 
03370)7443 3630 3400 4600 0063 7707 0014 3461 
03400)0232 0000 1772 7640 5601 1357 7041 3305 
03410)1360 3303 1304 3237 5601 0000 0361 3301 
03420)6034 1362 7650 6031 5227 6203 5766 6214 
03430)1363 3277 1306 7640 5323 6201 2237 7402 
03440)5274 5271 1301 7106 7006 0364 1702 3702 
03450)1301 7112 7012 7010 0364 1703 3703 1304 
03460)3237 2303 2305 5276 1365 4771 5277 4201 
03470)5276 1303 3302 2303 1301 3703 2215 7402 
03500)5615 0000 0000 0000 5237 0000 0000 0000 
03510)6214 1363 3321 6211 1766 0367 1370 3301 
03520)1701 7402 5707 6202 4142 0000 3307 6214 
03530)1363 3341 6201 1756 6211 7650 7001 4343 
03540)1307 6203 5725 0000 3354 6201 7344 0755 
03550)1354 3755 6211 5743 0000 7746 0157 1000 
03560)5600 0377 7575 6203 7400 5000 7600 0017 
03570)7757 7250 6746 1176 5756 7647 4652 3327 
03600)0017 0000 7600 1342 3222 1361 3215 6211 
03610)1602 7450 5246 4641 0001 2600 5776 1602 
03620)4641 0003 7601 0000 5234 3343 3763 1222 
03630)3267 4764 2201 5601 1602 0365 7650 5244 
03640)1602 0200 3602 5217 7330 5233 2763 5233 
03650)0000 3265 4351 1343 3343 1343 7120 1223 
03660)7620 5275 6203 6211 4615 0000 5600 0000 
03670)5275 4351 1267 3267 2250 5650 0000 1360 
03700)3260 6211 1750 7640 5335 1763 7640 5345 
03710)1366 4767 5346 4767 5346 4767 5346 4770 
03720)7710 1371 1372 0773 7640 5315 1773 1374 
03730)7450 5335 1375 4250 5346 4762 0010 1602 
03740)4641 0004 7601 0000 7410 2276 6203 5676 
03750)6746 0000 1265 7106 7006 7006 0200 5751 
03760)7660 3601 7700 7106 7001 7760 0232 7015 
03770)7107 0100 0077 7105 1000 4000 6733 0006 
04000)7400 0000 7240 3356 2360 1362 3357 5601 
04010)0000 0000 0000 7600 6201 2323 2356 5323 
04020)1360 7650 5254 6211 1363 3236 1757 3211 
04030)1211 7450 5322 4761 4773 0001 0000 5774 
04040)1757 0364 7440 1365 7132 7012 3201 2357 
04050)1757 3275 2357 3360 1201 7100 1366 7420 
04060)3201 7430 2360 7172 7012 7012 1367 3273 
04070)6203 6211 4636 0000 4200 0000 5316 1275 
04100)1366 3275 1273 0213 7104 1273 0213 7040 
04110)3356 1217 3323 1274 3210 5214 2360 7700 
04120)5277 7330 5354 7402 5345 5341 1217 3323 
04130)1610 0200 7112 7012 1273 7012 7012 2210 
04140)5346 1610 0200 3273 2210 1610 0370 1371 
04150)7450 5223 1372 2212 6203 5612 7777 7617 
04160)0001 7125 7617 3201 7760 0017 0003 0601 
04170)0377 7546 0232 7700 6733 4217 4457 5554 

# JSW 2001
# START 00200
