#!/usr/bin/env os8
# /home/vrs/pdp8/Images/.wip/LABX47TU.0/focal.sv

# Segment 0: 14 pages
00000)7607 5403 5403 2603 0004 0013 0100 6400 
00010)0000 0000 0000 4370 3117 0000 7402 3215 
00020)0000 0000 2407 0000 0000 0000 0001 0000 
00030)0000 3217 0000 0000 0000 4370 0000 0000 
00040)0000 0000 0000 0000 0000 0000 0000 0000 
00050)0000 6603 2004 6724 0000 0000 0000 7760 
00060)3217 1354 2414 2676 2666 0001 0215 0000 
00070)0005 0000 0214 0207 0203 0337 0212 0215 
00100)7402 7700 0256 7701 7600 7760 0177 0017 
00110)0277 7776 7477 0260 7540 7522 7563 7775 
00120)7773 7767 0077 0200 4000 2030 2155 5715 
00130)6000 6200 3140 3206 3140 3217 2017 2407 
00140)0521 1565 0477 0534 0554 2274 2502 1314 
00150)0721 2465 2155 2425 0302 2242 2360 0413 
00160)1517 1533 2035 0744 0700 2062 2726 0747 
00170)7445 0533 0404 0007 0451 7577 4371 7610 
00200)5576 1137 3022 7001 3100 3026 1226 3013 
00210)1225 4551 1132 3010 3062 1132 3027 4552 
00220)4547 0073 0474 4546 5217 0252 3220 4546 
00230)4546 1132 3017 3020 4545 1035 3013 4560 
00240)4561 5362 5271 2026 4554 1124 1065 7640 
00250)4566 1060 3010 3062 1067 3410 4560 7410 
00260)4545 4546 1066 1116 7640 5260 4565 4556 
00270)5177 4540 0611 1422 7450 5177 3022 1022 
00300)7001 5232 0000 4560 1066 1112 7650 5322 
00310)3036 4771 1047 0372 1046 7640 4566 1047 
00320)4557 7004 3067 4561 4545 4561 5340 5352 
00330)1054 7106 1054 7004 1067 3067 4545 4561 
00340)4566 5352 1054 1067 3067 4545 4561 5340 
00350)7410 4566 7100 1067 0104 7640 7020 1067 
00360)0106 7460 4566 7640 1373 7020 7004 3065 
00370)5702 5600 7740 2000 2014 2010 1160 2725 
00400)1553 2725 5000 4620 5040 5205 5200 7400 
00410)2725 2725 2725 0000 7106 7006 7006 5613 
00420)4554 1022 4542 4543 0017 4543 0065 1065 
00430)7710 5263 4555 7000 1023 3011 1411 4563 
00440)4566 4540 0606 4544 0065 1422 7450 5271 
00450)7001 3030 1065 7740 5260 1430 4563 5271 
00460)1430 3067 5225 4555 4566 4540 0610 4544 
00470)0065 4544 0017 1413 3022 5676 0611 0000 
00500)3071 7040 4310 1071 3413 7040 4310 5677 
00510)0000 1013 3013 1013 7141 1031 7630 4566 
00520)5710 0000 1721 3071 7040 4310 1321 7001 
00530)3413 7040 4310 5471 0000 7240 1734 3011 
00540)2334 1117 4310 1117 3071 1411 3413 2071 
00550)5345 1117 4310 5734 0000 7240 1754 2354 
00560)3011 1117 3071 1413 3411 2071 5363 5754 
00570)1154 0212 0217 0227 1075 1137 2725 1065 
00600)0610 0614 7472 4554 4555 4566 1023 3022 
00610)4545 1066 1116 7650 5541 4550 1376 5210 
00620)1066 0075 4542 4545 4550 1376 7410 5223 
00630)1413 4547 0773 0167 4566 4554 2026 4555 
00640)5267 1067 7640 4553 4545 4551 1066 1116 
00650)7640 5244 1423 7450 5271 7001 3030 1065 
00660)7700 1430 4563 5273 1430 3067 5237 1023 
00670)5253 3026 5541 1065 7750 5271 4551 5264 
00700)0000 4560 4550 1767 5700 1066 2300 1202 
00710)7650 5317 4561 5700 7410 5700 2300 2300 
00720)5700 0000 1721 3012 1412 7510 5340 7041 
00730)1066 7640 5324 1721 7040 1012 3054 7410 
00740)2321 2321 7300 5721 0000 0104 7041 3071 
00750)1067 0104 1071 7650 2344 5744 0000 1036 
00760)7640 5364 4545 5756 4552 4547 6776 3402 
00770)5756 1035 0610 0614 0323 0306 0311 0304 
01000)0307 0303 0301 0324 0314 0305 0327 0315 
01010)0321 0322 0212 4564 4637 2013 4640 1111 
01020)3032 1045 7510 2032 7750 2032 7410 5767 
01030)4547 1377 7371 4545 5230 4545 5225 1601 
01040)2047 4540 1403 4560 1066 1335 7440 4566 
01050)1030 4542 4540 1612 1413 3030 4407 6430 
01060)0000 4547 1377 7177 4566 1030 4542 4540 
01070)1612 4547 1377 7174 4566 4543 2030 4540 
01100)1612 4543 2030 4543 0017 4540 0610 4544 
01110)0017 4544 2030 4544 7470 1413 3030 4407 
01120)0430 1733 6430 2525 0000 1045 7740 5541 
01130)1030 4542 4543 7470 5301 7503 7524 4543 
01140)2405 5301 1123 4551 1123 4551 1423 7450 
01150)5752 5753 0671 0655 1123 3067 5757 2741 
01160)4453 7200 5536 1041 1041 1013 0420 0603 
01170)0614 1202 1203 7503 2204 0635 1256 0177 
01200)1563 6361 7240 3056 4547 1371 0176 2056 
01210)5225 4540 1403 1066 4542 1255 4551 2036 
01220)7001 4531 1413 3066 5202 4540 1613 4530 
01230)5203 2026 4545 4547 1403 0773 4551 5232 
01240)4545 4554 1067 3052 5204 1077 4463 7001 
01250)1077 4551 3026 4545 5204 0272 4554 4555 
01260)4566 1060 3010 3062 1067 3410 1010 3027 
01270)4464 3100 2026 4545 4551 4547 0076 1271 
01300)4546 5273 1060 7001 3010 3062 4552 4547 
01310)0071 1271 4546 5306 0000 7450 1066 7041 
01320)3071 1714 2314 3012 1412 7510 5340 1071 
01330)7640 5324 1012 1714 3071 1471 3071 5471 
01340)2314 7300 5714 1077 4551 1110 4551 5750 
01350)2765 7600 7402 7402 0000 6046 6026 6041 
01360)5357 7200 5754 1273 1270 1154 1302 1271 
01370)0261 1312 0245 0242 0241 0243 0244 0240 
01400)0254 0273 0215 4564 0242 0215 4566 3062 
01410)4546 4545 4550 1767 5226 1066 0122 1061 
01420)3061 4545 4550 1767 5226 5221 4562 5237 
01430)1061 3056 4660 1413 3061 4657 4453 3317 
01440)1060 3030 1030 7041 1031 7750 5261 1430 
01450)7041 1061 7650 5305 1030 1070 5241 2047 
01460)1601 1031 1005 7141 1013 7620 4566 1031 
01470)1070 3031 1061 3430 2030 1317 3430 2030 
01500)4407 0537 6430 0000 5541 1030 3011 1411 
01510)7041 1317 7640 5254 2030 2030 5541 0000 
01520)1066 1114 7640 5717 4545 5320 7520 7507 
01530)0000 2000 0000 0000 1066 1115 7640 2333 
01540)1066 1326 3054 1054 7710 5733 1066 1327 
01550)7750 2333 5733 4407 1330 4350 6330 0000 
01560)3330 3044 5536 1137 3022 1413 3071 5471 
01570)1240 1231 1250 1245 3052 1252 1252 0610 
01600)0614 0000 1054 4542 1055 4542 1056 4542 
01610)1201 4542 4545 3055 4564 5227 5332 5343 
01620)4540 1407 4564 5244 0212 0377 4566 1137 
01630)3030 1111 1054 7450 5247 7001 7650 5323 
01640)1054 1121 7710 5363 4562 7410 4566 1054 
01650)3024 1024 1121 7700 3024 1024 7041 1055 
01660)7710 5310 1055 7112 7012 1331 3274 1055 
01670)7640 4544 0044 4407 0000 6525 0000 1125 
01700)3030 1024 1055 7650 5541 1413 3055 5255 
01710)4562 7410 5365 1055 4542 1030 3320 4543 
01720)0000 1024 3055 4545 4564 5363 5332 5343 
01730)5220 0430 4543 0044 1125 3030 3036 4531 
01740)4544 0044 5222 3056 4545 4550 1767 5354 
01750)1056 7104 1066 5343 4562 4566 4201 1413 
01760)4547 2164 6207 4562 4566 4201 2013 5536 
01770)0240 0253 0255 0257 0252 0336 0250 0333 
02000)0274 0251 0335 0276 0254 0273 0215 0275 
02010)4543 2405 4544 0044 1231 7710 4451 4407 
02020)7000 6230 0000 1125 3030 4247 5627 1622 
02030)0000 0000 0000 0000 0003 0000 1054 1121 
02040)7700 5635 1054 1120 7740 2235 5635 0000 
02050)1413 3055 1234 1413 7041 1054 7640 4566 
02060)4545 5647 0000 6002 4555 5662 2026 4545 
02070)1066 1116 7640 5267 1017 7040 1023 3057 
02100)1133 7041 1023 7650 5177 7000 1423 3425 
02110)1133 3071 1471 7450 5327 3032 1023 7141 
02120)1032 7630 1057 1032 3471 1032 5311 7040 
02130)1023 3011 1057 7040 1023 3012 1057 1060 
02140)3060 1010 7040 1012 3032 1010 1057 3010 
02150)1412 3411 2032 5350 5263 0000 4464 3066 
02160)4550 1623 5755 4551 5755 2533 2650 2636 
02170)0331 2630 0332 2572 2624 2625 2654 2575 
02200)2702 2631 2567 0330 4564 5237 5222 5213 
02210)1066 1112 7440 4566 1135 3060 3533 1060 
02220)3031 5177 4554 1060 3010 4565 2023 1065 
02230)7700 1423 4563 5217 1423 3067 5225 1060 
02240)3031 5541 0000 1133 3025 1133 3023 1023 
02250)3011 1067 7141 1411 7450 5266 7630 5267 
02260)1023 3025 1423 7440 5246 7410 2242 1023 
02270)7001 3017 3020 5642 0000 4330 7710 1006 
02300)1357 1066 7450 5316 1075 3066 1026 1100 
02310)7650 4551 5674 4330 7040 5276 1026 7640 
02320)5326 1100 7650 7001 3100 5275 1110 5305 
02330)0000 2020 5345 1021 0122 3066 1066 1103 
02340)7650 5313 1066 1356 5730 1417 3021 7040 
02350)3020 1021 7112 7012 7012 5334 7740 7641 
02360)0000 7000 1425 3460 1060 3425 1061 7440 
02370)3410 1010 7001 3060 1060 3031 5760 1252 
02400)0614 6202 0757 0757 6250 0001 2000 0000 
02410)0000 0000 0000 7766 3034 6032 1621 5620 
02420)2675 2676 7402 7402 7402 0000 1067 4557 
02430)0122 4242 1102 4551 1067 4242 1356 3066 
02440)4551 5625 0000 0106 3032 1113 3033 5252 
02450)2033 3032 1032 1213 7500 5250 7200 1033 
02460)4551 1032 1113 4551 5642 0000 7450 1066 
02470)1116 7450 5276 1077 4463 5665 1077 4463 
02500)1076 5274 0000 1110 7041 1066 7450 1352 
02510)1101 7450 5755 1353 3071 1071 0354 1356 
02520)7440 1354 7650 5332 1071 0122 7440 4335 
02530)7000 5702 1122 4335 5324 0000 2062 5357 
02540)1061 3410 3061 1013 7141 1005 1010 7620 
02550)5735 4566 0040 0377 0140 3004 7640 4557 
02560)3061 7040 3062 5735 0202 6201 2555 6201 
02570)2552 5377 5401 3501 1110 6003 0614 7000 
02600)0000 0000 7575 3200 7010 3201 6041 5225 
02610)6042 3016 1665 7450 5225 6044 3016 3665 
02620)1265 7001 0107 1263 3265 6031 5246 6034 
02630)6030 0106 7450 5245 1123 3262 1262 1202 
02640)7650 5740 1262 3034 7410 6032 6011 5252 
02650)6012 3037 6244 6101 7000 1201 7104 1200 
02660)6001 5400 0000 3120 3120 3120 0000 1034 
02670)7550 5267 3276 5674 2414 5666 0000 3266 
02700)6001 1664 7640 5301 6002 1016 7640 5314 
02710)1266 6046 3016 5323 1266 3664 1264 7001 
02720)0107 1263 3264 6001 5676 3326 0000 7240 
02730)1326 3067 6001 1016 7640 5333 6002 5342 
02740)1154 6032 1105 3057 2016 7040 1263 3010 
02750)7000 3410 2057 5351 3034 1263 3265 1263 
02760)3264 7200 6046 5764 1343 4553 2022 1422 
02770)7450 5377 3067 1101 4551 4551 4553 1077 
03000)4551 1126 3152 5177 1062 7640 5214 1010 
03010)7041 1027 7700 5641 1251 4551 1010 3071 
03020)7000 2062 5242 1471 0122 1103 7640 5237 
03030)7040 3062 7040 1010 3010 1471 0101 3061 
03040)5641 2530 1471 0101 1006 7640 5230 3471 
03050)5231 0334 1060 3030 1031 7041 1030 7650 
03060)5541 1430 3316 1315 3017 3020 4545 4551 
03070)4545 4551 4545 4551 2030 1430 4714 4545 
03100)4551 2030 4407 0430 0000 4530 1077 4551 
03110)1070 1111 1030 5253 2442 3115 0000 5051 
03120)6201 2425 6211 1772 4033 0014 7710 5363 
03130)4033 0205 6201 3171 6201 3147 4033 0104 
03140)6201 2434 4033 0104 6211 0000 5362 5047 
03150)7407 2554 7576 0717 4072 4047 5406 6756 
03160)6251 0000 5242 6201 3770 5377 3405 1067 
03170)2430 0001 0020 3443 2434 0004 2750 7000 
03200)4045 7410 2776 4045 7410 1776 0000 0000 
03210)0340 0617 0301 1455 7040 4040 7715 3773 
03220)4033 0112 6201 2516 4033 0111 6201 2437 
03230)7040 4033 0206 6201 2430 6201 1600 6023 
03240)4033 0107 6201 2431 4033 0115 6201 2437 
03250)4033 0107 6201 2422 4033 0116 6201 6023 
03260)7040 4033 0206 6201 2430 6201 1600 6023 
03270)4033 0117 6201 6023 4033 0020 4033 0107 
03300)6201 2434 6211 1772 4033 0014 7450 5355 
03310)7710 5771 7040 4033 0206 6201 2430 6201 
03320)1600 6023 4033 0117 6201 6023 4033 0107 
03330)6201 2431 4033 0111 6201 2442 4033 0107 
03340)6201 2434 4033 0110 6201 2442 6211 1772 
03350)4033 0014 7710 5355 5770 4033 0206 6201 
03360)2430 6201 2254 6023 5377 3470 6400 3705 
03370)3441 3042 0020 2516 3443 2421 2430 7000 

# Segment 1: 15 pages
04000)4033 0205 6201 4176 6201 4052 4033 0104 
04010)6201 2430 4033 0104 6201 2453 4033 0104 
04020)6201 2456 4033 0206 6201 2430 6201 2254 
04030)4033 4033 0104 6201 2265 4033 0104 6201 
04040)2461 4033 0104 6201 2450 4033 0104 6211 
04050)0000 5302 5063 3054 1163 5406 7156 6154 
04060)0671 5661 5411 7054 6730 5406 6756 6254 
04070)6210 4045 5471 3054 0667 5662 5462 1040 
04100)4551 0000 7000 5775 4033 0107 6201 2547 
04110)4033 0111 6201 2464 3774 6201 2774 1774 
04120)7041 1773 7710 5772 4033 0206 6201 2430 
04130)6201 2254 4135 4033 0112 6201 2265 4033 
04140)0110 6201 2464 6211 1771 4033 0014 7450 
04150)5770 7710 5770 4033 0206 6201 2430 6201 
04160)2254 4164 4033 0112 6201 2260 5377 5232 
04170)4204 0020 4206 2421 2430 3656 0001 7000 
04200)4033 0111 6201 2464 7000 5776 4033 0107 
04210)6201 2544 4033 0115 6201 2464 4033 0113 
04220)6201 2445 4033 0111 6201 2464 4033 0107 
04230)6201 2464 4033 0110 6201 2541 6211 1775 
04240)4033 0014 7450 5310 7710 5310 4033 0107 
04250)6201 2464 4033 0110 6201 2536 6211 1775 
04260)4033 0014 7450 5277 7710 5277 4033 0107 
04270)6201 2533 4033 0111 6201 2467 5320 4033 
04300)7240 7016 7041 1301 7640 5707 7410 4442 
04310)3031 3035 3022 1316 3717 5707 5246 4446 
04320)4033 0205 6201 4374 6201 4400 4033 0104 
04330)6201 2467 4033 0104 6211 0000 5773 5377 
04340)4632 5232 4632 5232 4632 5232 4632 5232 
04350)4632 5232 4632 5232 4632 5232 4632 5232 
04360)4632 5232 4632 5232 4632 5232 4632 5232 
04370)1155 1370 3176 6142 6077 6152 6762 6012 
04400)6346 6032 7300 3414 2057 5203 7000 7000 
04410)1370 3000 7040 6167 7200 6171 7650 5226 
04420)1365 6141 1366 6141 7200 5314 6141 0017 
04430)0002 7001 7650 5314 5641 1106 3640 5310 
04440)1351 4300 7000 7000 7000 5314 7354 1367 
04450)7650 5265 7344 1366 7650 5314 1100 3764 
04460)1327 3763 5313 2761 5314 6046 6000 6000 
04470)6000 6000 6000 6000 6000 6000 2057 6041 
04500)5266 5314 1362 4371 7740 5235 5707 2214 
04510)1352 3753 5707 7402 6046 6001 4540 0421 
04520)6002 1360 4371 7450 5344 7710 1366 1120 
04530)3057 1354 3011 1355 3411 2057 5333 1360 
04540)4371 7710 1104 1356 1357 3035 5302 7402 
04550)6313 6307 5177 7526 0401 2725 0560 4617 
04560)3006 2661 2004 6322 2654 0007 0002 4002 
04570)4462 2344 3061 4540 1437 2030 1430 5771 
04600)4033 0113 6201 2533 4033 0111 6201 2472 
04610)4033 0206 6201 2430 6201 2254 4621 4033 
04620)1045 7710 4724 3033 4407 4313 6675 0000 
04630)4453 3325 4407 7000 6676 0675 2676 6675 
04640)4675 6676 1310 6326 0305 3326 2675 1277 
04650)6326 0302 4676 1326 6326 0675 3326 4321 
04660)1316 0000 1325 1044 3044 2033 5536 4407 
04670)6675 0316 3675 0000 5536 5322 5326 0004 
04700)2372 1402 7774 2157 5157 0012 5454 0343 
04710)0007 2566 5341 0001 2705 2435 0001 2000 
04720)0000 0002 2000 0000 5163 0000 0000 0000 
04730)0000 0000 4407 0675 4675 6676 4374 1371 
04740)4676 1366 6326 0363 4676 1360 4676 1355 
04750)4675 3326 0000 5754 5024 0000 2437 1643 
04760)7777 3304 4434 7773 3306 5454 0000 2437 
04770)1646 0000 2427 2323 7775 3427 7052 7000 
05000)1045 7710 4363 3033 4407 6635 2637 0000 
05010)1045 7710 5221 4407 0637 3635 6635 0000 
05020)7240 3362 5623 4732 2362 5634 4407 6635 
05030)0636 2635 0000 5634 5302 5322 5316 4716 
05040)1045 7450 4566 7710 4566 4407 6756 2637 
05050)0000 1045 7450 5536 7700 5264 4407 0637 
05060)3756 6756 0000 7240 3033 1005 3044 7040 
05070)1756 3045 3046 3047 7001 3756 4407 4357 
05100)6635 0756 2637 6756 4353 1350 4756 1345 
05110)4756 1342 4756 1337 4756 1334 4756 1331 
05120)4756 1326 4756 1635 0000 5634 0000 3777 
05130)7742 7777 4000 4100 7777 2517 0310 7776 
05140)4113 7211 7776 2535 3301 7775 4746 0771 
05150)7774 2236 4304 7771 4544 1735 4726 0000 
05160)2613 4414 0000 0000 4451 7240 5763 7305 
05170)5215 5234 5305 5235 0020 0001 4507 7000 
05200)4407 6322 0316 2322 0000 1045 7740 5215 
05210)1045 7700 5536 4451 7040 3033 4407 3306 
05220)6326 0000 4453 4407 7000 6322 0326 2322 
05230)4306 6322 2312 0000 1045 7710 5245 4407 
05240)6322 0000 1033 7040 3033 4407 0322 2316 
05250)0000 1045 7710 5261 4407 0312 2322 6322 
05260)0000 4407 0322 3316 6322 4322 6326 0332 
05270)4326 1336 4326 1342 4326 1346 4326 1316 
05300)4322 0000 2033 5536 4451 5536 0003 3110 
05310)3756 3235 0002 3110 3756 3235 0001 3110 
05320)3756 3235 0000 0000 0000 0000 0000 0000 
05330)0000 0000 7764 2501 7015 1042 7771 5464 
05340)5514 6150 7775 2431 5361 4736 0000 5325 
05350)0414 3167 6045 4751 0000 7000 4033 0107 
05360)6201 2547 4033 0111 6201 2505 3775 6201 
05370)2775 1775 7041 5377 4322 2430 0001 7000 
05400)0000 3334 1052 4557 0122 3032 1032 7041 
05410)7450 1326 3335 1052 7450 5241 0122 3333 
05420)1335 1333 7510 5230 7240 1032 3333 7040 
05430)1033 7500 7200 1032 7510 5263 1326 7500 
05440)7200 1327 3071 1731 1071 3336 1071 7041 
05450)3071 1325 2736 1736 1330 7710 5265 3736 
05460)2071 5321 2736 2033 7200 1052 7650 5356 
05470)1335 1033 7540 5355 1333 7500 7200 7041 
05500)1033 7041 3032 1033 1032 7650 5343 1032 
05510)7001 7710 1105 4336 2032 5303 1102 4551 
05520)5303 7040 1336 3336 5252 0004 7772 0007 
05530)7766 6150 6154 0000 0000 0000 0000 4732 
05540)2335 5736 5600 7040 1033 3033 2334 5353 
05550)7040 3334 5313 1414 5313 7200 4732 1102 
05560)4551 2200 1414 4336 2334 5362 7040 3334 
05570)5363 0000 1045 3050 1045 7710 4451 5771 
05600)0000 3046 3044 3045 3047 3314 3050 1066 
05610)1264 7450 5220 1111 7640 5221 7040 3050 
05620)4666 1066 1265 7650 5220 4227 5600 0000 
05630)1066 1262 7650 5627 4561 5627 5247 1054 
05640)3313 4267 2314 7640 4566 4666 5230 1066 
05650)1112 7710 5627 1066 1263 7740 5627 1066 
05660)0122 5240 7473 7446 7525 7540 0756 0000 
05670)1047 3043 1046 3042 1045 3041 3312 4315 
05700)4315 4333 4315 1313 3043 3042 3041 4333 
05710)1312 5667 0000 0000 0000 0000 1047 7104 
05720)3047 1046 7004 3046 1045 7004 3045 1312 
05730)7004 3312 5715 0000 7300 1047 1043 3047 
05740)7004 1046 1042 3046 7004 1045 1041 3045 
05750)7004 1312 3312 5733 0000 7300 1041 7510 
05760)7120 7010 3041 1042 7010 3042 1043 7010 
05770)3043 2040 5754 5754 5001 6007 0001 7000 
06000)0000 1335 4551 1045 7700 1334 1336 4551 
06010)4753 3033 1044 7510 5227 7440 1341 7750 
06020)5234 4407 4744 0000 7001 1033 5211 4407 
06030)4752 0000 7040 5225 3745 3746 1350 3014 
06040)1044 7140 3354 1343 3044 4527 2354 5245 
06050)1746 7450 5270 1342 7710 5264 7001 3414 
06060)2044 1342 2033 7000 1746 2033 7000 7410 
06070)4747 3414 2044 5270 1350 3014 1343 4751 
06100)5600 1333 4551 1033 7510 7041 3045 1033 
06110)7700 1111 1336 4551 1045 2044 1337 7500 
06120)5315 1340 3045 7040 1044 7440 4354 1045 
06130)4732 5600 2442 0305 7763 0275 0255 7634 
06140)0144 7774 7766 7771 6275 5713 5712 5667 
06150)7467 5400 6271 5571 0000 1113 4551 5754 
06160)2761 2010 2761 2010 2761 2010 2761 2010 
06170)2761 2010 2761 2010 2761 2010 2761 2563 
06200)0000 7640 4706 1066 1114 7650 5202 4702 
06210)1066 1115 7640 5221 4706 3705 4703 1705 
06220)7041 3033 1310 3044 4704 4707 4407 6430 
06230)0000 1066 1301 7640 5246 4706 4702 4704 
06240)1047 1033 3033 4407 0430 0000 1033 7450 
06250)5600 7700 5261 4407 4275 6430 0000 7001 
06260)5266 4407 4271 6430 0000 7040 1033 3033 
06270)5246 0004 2400 0000 0000 7775 3146 3147 
06300)3150 7473 5600 5627 7173 5714 0756 7335 
06310)0043 7710 4604 4600 1020 7700 5322 7346 
06320)4604 0000 1105 3343 1037 7700 5364 2032 
06330)5324 2343 5324 4343 1013 1376 7630 4566 
06340)4343 5177 0212 0000 1375 7040 3375 7140 
06350)3037 1375 7440 6014 7640 1377 1126 3152 
06360)5743 4343 5763 0611 7040 3037 6016 0106 
06370)7450 5322 1123 3066 5721 0000 4557 4144 
06400)0000 7300 3047 3043 1600 7450 5600 3262 
06410)1262 0123 7650 5216 1104 0200 3040 1106 
06420)0262 1040 3040 1263 0262 7650 5231 1440 
06430)3040 2200 7040 1040 3015 1262 7106 7006 
06440)0107 7450 5267 1264 3262 1662 7450 5265 
06450)3262 1304 3014 1117 3057 1415 3414 2057 
06460)5255 5662 0000 0400 6573 1303 5273 1303 
06470)3015 7040 1040 3014 1117 3057 1414 3415 
06500)2057 5276 5201 0043 0037 4765 4770 5201 
06510)4772 4771 4773 4767 5201 7000 7000 7000 
06520)3044 3045 3046 3047 5201 4543 0044 4543 
06530)0040 4544 0044 4453 7510 5342 7040 3262 
06540)3043 1045 7640 4566 4543 2405 4544 0044 
06550)4544 7470 5360 4543 7470 4544 0040 4766 
06560)2262 5353 5201 4766 5201 7153 7004 7335 
06570)6623 5754 6757 5733 6506 6505 7107 6563 
06600)6525 0000 6513 0000 7300 1047 7041 3047 
06610)1046 7040 7430 7101 3046 1045 7040 7430 
06620)7101 3045 5603 0000 1045 7450 1046 7650 
06630)5311 1041 7450 1042 7450 1043 7650 5623 
06640)1040 7041 1044 7450 5273 3203 1203 7500 
06650)7041 3322 1322 1336 7710 5275 1203 7700 
06660)5265 4357 2322 5261 5273 7040 1040 3040 
06670)4723 2322 5270 2223 5623 1040 7700 5304 
06700)1044 7700 5623 5306 1044 7700 1203 7740 
06710)5623 1040 3044 1041 3045 1042 3046 1043 
06720)3047 5623 0000 5754 0000 4751 1044 7750 
06730)5353 7001 3043 1350 3040 4223 0027 2047 
06740)5344 2046 7410 2045 3047 4752 1046 5724 
06750)0027 5571 7173 3044 3045 3046 5344 0000 
06760)7300 1045 7510 7020 7010 3045 1046 7010 
06770)3046 1047 7010 3047 2044 5757 5757 0337 
07000)0377 0212 0375 7777 0000 7001 1040 4324 
07010)7710 4353 3301 3300 3277 3276 1045 3751 
07020)1041 4752 0002 1042 4752 0003 1046 3751 
07030)1041 4752 0003 1042 4752 0004 5263 3274 
07040)1043 3751 1045 4752 0004 1046 4752 0005 
07050)1047 3751 1041 4752 0004 1042 4752 0005 
07060)1043 4752 0006 1301 3045 1300 3046 1277 
07070)3047 4301 3047 5604 4033 0112 6211 2514 
07100)4033 0000 2050 4451 4747 7000 5701 1041 
07110)7650 4566 1040 7041 7001 4324 7700 4353 
07120)4750 4301 5723 6401 0000 1044 3044 1124 
07130)0045 1041 7700 7040 3050 1045 7450 5746 
07140)7710 4451 1041 7450 5746 5724 6520 7335 
07150)7261 7256 7200 0000 7300 1043 7041 3043 
07160)1042 7040 7430 7101 3042 1041 7040 7430 
07170)7101 3041 5753 0000 1050 7710 4451 5773 
07200)0000 7450 5600 3254 3253 1257 3255 7100 
07210)1254 7010 3254 1253 7420 5220 7100 1256 
07220)7010 3253 2255 5210 1254 7010 3255 1600 
07230)7041 1252 3254 1255 7100 1654 3654 2254 
07240)7004 1253 1654 3654 7420 5600 2254 2654 
07250)5600 5246 7102 0000 0000 0000 0000 7764 
07260)7751 0000 3200 3254 1260 3255 7410 4527 
07270)7100 1042 1046 3256 7004 1045 1041 7420 
07300)5304 3045 1256 3046 7200 1254 7004 3254 
07310)1200 7004 3200 2255 5267 1254 3046 1200 
07320)3045 5661 7004 3335 2255 5267 1335 3045 
07330)1200 3046 1254 3047 5661 0000 4775 4366 
07340)1045 7450 1047 7450 1046 7650 5363 1045 
07350)7104 7710 5360 4527 7140 1044 3044 5347 
07360)4776 4366 5735 3044 5735 6757 0000 1045 
07370)7510 7041 7710 4765 5766 5571 7173 7000 
07400)4407 6274 0000 1045 7710 4566 1044 7510 
07410)7020 7010 3270 7430 2270 7000 1267 3271 
07420)3272 3273 1275 7450 1276 7650 5265 4407 
07430)0274 3270 1270 0000 7240 1044 3044 1044 
07440)7041 1270 7640 5261 1045 7041 1271 7640 
07450)5261 1046 7041 1272 7500 7041 7001 7700 
07460)5536 4407 6270 0000 5227 3044 5536 3015 
07470)0000 0000 0000 0000 0000 0000 0000 7503 
07500)0102 0514 1405 1133 4327 1060 4327 1031 
07510)4327 1035 4327 5316 4545 4551 1066 1116 
07520)7640 5314 1016 7640 5322 6002 5504 0000 
07530)3032 1032 7006 7006 4350 4557 7004 4350 
07540)7012 7010 4350 4350 7200 1077 4551 5727 
07550)0000 0356 1113 4551 1032 5750 0007 2311 
07560)0300 0606 0201 2311 0300 2506 0201 2311 
07570)0300 2415 3412 2243 5367 4703 5745 0001 

# JSW 2000
# START 00200
