#!/usr/bin/env os8
# /home/vrs/pdp8/Images/focal-ps8-src.0/efoclb.sv

# Segment 0: 14 pages
10000)3116 0013 0100 0000 0000 0000 0000 6400 
10010)0000 0000 0000 4617 0000 0000 0000 0000 
10020)0000 0000 0200 0000 0000 0000 0001 0000 
10030)0000 3400 0000 0000 0000 4617 0000 2010 
10040)0000 0000 0000 0000 0000 0000 0000 0000 
10050)0000 6603 0000 6724 0000 0000 0000 7760 
10060)0224 2617 0000 2617 2605 0001 0215 0000 
10070)0006 0000 0000 0214 0207 0337 0212 0215 
10100)7402 7700 0256 7701 7600 7760 0177 0017 
10110)0277 7776 7477 0260 7540 7522 7563 7774 
10120)7773 7767 0077 0200 4000 2030 5715 6000 
10130)6200 0104 0210 3400 0224 2017 2407 2414 
10140)1561 1354 0520 0476 0507 2273 2504 1142 
10150)0721 2463 2154 2423 0315 2241 2357 0412 
10160)1515 1531 2035 0744 0700 2062 2672 2566 
10170)6160 6165 6343 6350 2573 3400 4000 7610 
10200)5576 1123 3022 7001 3100 3026 1226 3013 
10210)1225 4400 1060 3010 3062 1060 3027 4552 
10220)4547 0074 0472 4546 5217 0252 3626 4546 
10230)4546 1060 3017 3020 4545 1367 3013 4560 
10240)4561 5361 5271 2026 4554 1124 1065 7640 
10250)4566 1060 3010 3062 1067 4573 4560 7410 
10260)4545 4546 1066 1116 7640 5260 4565 4556 
10270)5177 4537 0607 4567 7450 5177 3022 1022 
10300)7001 5232 0007 3100 0000 0000 2000 0000 
10310)0000 0000 0000 0000 0000 0000 4560 1066 
10320)1112 7650 5350 4537 1613 4407 6311 0000 
10330)4453 1371 7700 4566 1046 4557 7004 3067 
10340)4451 4407 1311 4302 1305 0000 4453 1067 
10350)3067 7300 1067 0104 7640 7020 1067 0106 
10360)7460 4566 7640 1372 7024 3065 5715 3611 
10370)5600 7740 2000 2014 7554 1351 3200 7547 
10400)3306 5000 4620 5040 5205 5200 7400 7520 
10410)7532 0551 0000 7106 7006 7006 5612 4554 
10420)1022 4541 4543 0017 4543 0065 1065 7710 
10430)5262 4555 7000 1023 3011 4572 4563 4566 
10440)4537 0604 4544 0065 4567 7450 5270 7001 
10450)3030 1065 7740 5257 4571 4563 5270 4571 
10460)3067 5224 4555 4566 4537 0606 4544 0065 
10470)4544 0017 4542 3022 5675 0607 0000 1676 
10500)2276 3304 6202 4706 0000 5676 5656 0000 
10510)1707 3315 2307 6202 4717 0000 5707 5705 
10520)0000 6202 4724 5720 5732 1133 1347 3030 
10530)1031 7141 1030 7630 5343 1430 7650 5750 
10540)1030 1070 5327 1346 3566 5566 1467 0003 
10550)1506 1365 3552 4453 7200 4464 3066 1066 
10560)7041 1046 7640 5766 5535 0555 2157 0212 
10570)0217 0227 1075 1137 2671 1065 0606 0612 
10600)7472 4554 4555 4566 1023 3022 4545 1066 
10610)1116 7650 5540 4550 1374 5206 1066 0075 
10620)4541 4545 4550 1374 7410 5221 4634 4542 
10630)4547 0773 0175 4566 2660 4554 2026 4555 
10640)5267 1067 7640 4553 4545 4551 1066 1116 
10650)7640 5244 4570 7450 5271 7001 3030 1065 
10660)7700 4571 4563 5273 4571 3067 5237 1023 
10670)5253 3026 5540 1065 7750 5271 4551 5264 
10700)0000 4560 4550 1767 5700 1066 2300 1200 
10710)7650 5317 4561 5700 7410 5700 2300 2300 
10720)5700 0000 1721 3012 1412 7510 5340 7041 
10730)1066 7640 5324 1721 7040 1012 3054 7410 
10740)2321 2321 7300 5721 0000 0104 7041 3071 
10750)1067 0104 1071 7650 2344 5744 0000 1036 
10760)7640 5364 4545 5756 4552 4547 6776 3401 
10770)5756 1035 0606 0612 0323 0306 0311 0304 
11000)0307 0303 0301 0324 0314 0305 0327 0315 
11010)0321 0322 0317 4564 4637 4542 4640 1111 
11020)3032 1045 7510 2032 7750 2032 7410 5775 
11030)4547 1375 7373 4545 5230 4545 5225 1601 
11040)2047 4537 1401 4560 1066 1335 7440 4566 
11050)1030 4541 4537 1612 4542 3030 4407 6430 
11060)0000 4547 1375 7177 4566 1030 4541 4537 
11070)1612 4547 1375 7174 4566 4543 2030 4537 
11100)1612 4543 2030 4543 0017 4537 0606 4544 
11110)0017 4544 2030 4544 7470 4542 3030 4407 
11120)0430 1733 6430 2525 0000 1045 7740 5540 
11130)1030 4541 4543 7470 5301 7503 7524 4543 
11140)2405 5301 0000 7450 1066 7041 3071 1742 
11150)2342 3012 1412 7510 5366 1071 7640 5352 
11160)1012 1742 3071 1471 3071 5471 2342 7300 
11170)5742 1041 1041 1013 0417 0601 0612 1211 
11200)1212 7503 2203 0635 1313 0177 1557 3133 
11210)0000 7240 3210 4547 1366 0176 2210 5234 
11220)4537 1401 1066 4541 7300 7000 2036 7001 
11230)4530 4542 3066 5211 4537 1613 4527 5212 
11240)2026 4545 4547 1401 0774 4551 5241 4545 
11250)4554 1067 3052 5213 1264 4551 5261 1077 
11260)4551 3026 4545 5213 0015 4537 1612 4407 
11270)1711 0000 4453 7041 1307 7001 7500 5305 
11300)3310 1312 4551 2310 5301 7300 5213 0000 
11310)0000 0305 0240 4554 4555 4566 1060 3010 
11320)3062 1067 4573 1010 3027 4464 3100 2026 
11330)4545 4551 4547 0076 1266 4546 5330 1060 
11340)7001 3010 3062 4552 4547 0072 1266 4546 
11350)5343 4453 7200 5535 0000 6202 4760 5754 
11360)5631 1330 1325 1337 1326 0261 1347 0272 
11370)0245 0242 0241 0243 0244 0240 0254 0273 
11400)0215 4564 0242 0215 4566 3062 4546 1061 
11410)3056 4545 4550 1767 5222 2062 5211 1066 
11420)0122 5207 4562 5231 4756 4542 3056 4764 
11430)4453 3315 1056 3431 1175 3030 1056 7041 
11440)1430 7650 5246 1030 1070 5235 2030 1030 
11450)7141 1031 7620 5264 1315 7041 1430 2030 
11460)7650 5540 7344 5243 1035 7141 1031 1001 
11470)7630 5730 1031 1070 3031 1030 3011 1315 
11500)3430 3411 3411 3411 3411 5257 7346 1030 
11510)3030 1056 3430 2030 5275 0000 1066 1114 
11520)7640 5715 4545 5316 7520 7507 0240 7504 
11530)0525 0000 1066 1115 7640 2331 1066 1324 
11540)3054 1054 7710 5731 1066 1325 7750 2331 
11550)5731 4537 0420 1326 3066 5727 1601 1123 
11560)3022 4542 3071 5471 2047 1265 1247 1240 
11570)1257 1254 3046 1261 1261 0606 0612 0000 
11600)0000 0000 1054 4541 1055 4541 1056 4541 
11610)1201 4541 4545 3055 4564 5227 5332 5343 
11620)4537 1405 4564 5244 0212 0377 5250 1136 
11630)3030 1111 1054 7450 5247 7001 7650 5323 
11640)1054 1121 7710 5363 4562 7410 4566 1054 
11650)3024 1024 1121 7700 3024 1024 7041 1055 
11660)7710 5310 1055 7112 7012 1331 3274 1055 
11670)7640 4544 0044 4407 0000 6525 0000 1125 
11700)3030 1024 1055 7650 5540 4542 3055 5255 
11710)4562 7410 5365 1055 4541 1030 3320 4543 
11720)0000 1024 3055 4545 4564 5363 5332 5343 
11730)5220 0430 4543 0044 1125 3030 3036 4530 
11740)4544 0044 5222 3056 4545 4550 1767 5354 
11750)1056 7104 1066 5343 4562 4566 4201 4542 
11760)4547 2163 6207 4562 4566 4201 4542 5535 
11770)0240 0253 0255 0257 0252 0336 0250 0333 
12000)0274 0251 0335 0276 0254 0273 0215 0275 
12010)6201 3531 6211 5177 1231 7710 4451 4407 
12020)7000 6230 0000 1125 3030 4247 5627 1622 
12030)0000 0000 0000 0000 0003 0000 1054 1121 
12040)7700 5635 1054 1120 7740 2235 5635 0000 
12050)4542 3055 4542 1234 7041 1054 7640 4566 
12060)4545 5647 0000 4555 5662 2026 4545 1066 
12070)1116 7640 5266 1017 7040 1023 3057 1132 
12100)7041 1023 7650 5177 6201 1423 3425 1132 
12110)3071 1471 7450 5326 3032 1023 7141 1032 
12120)7630 1057 1032 3471 1032 5310 7040 1023 
12130)3011 1057 7040 1023 3012 1057 1060 3060 
12140)1010 7040 1012 3032 1010 1057 3010 1412 
12150)3411 2032 5347 5263 0000 4464 3066 4547 
12160)1623 5704 4551 5754 2533 2650 2636 2565 
12170)2630 2637 2572 2624 2625 2654 2575 2702 
12200)1140 2672 2604 4564 5236 5221 5212 1066 
12210)1112 7440 4566 1134 3060 6201 3532 5437 
12220)5177 4554 1060 3010 4565 2023 1065 7700 
12230)4570 4563 5437 4570 3067 5224 1133 3031 
12240)5540 0000 1132 3025 1132 3023 1023 3011 
12250)1067 7141 4572 7450 5265 7630 5266 1023 
12260)3025 4570 7440 5245 7410 2241 1023 7001 
12270)3017 3020 5641 0000 4327 7710 1002 1356 
12300)1066 7450 5315 1075 3066 1026 1100 7650 
12310)4551 5673 4327 7040 5275 1026 7640 5325 
12320)1100 7650 7001 3100 5274 1110 5304 0000 
12330)2020 5344 1021 0122 3066 1066 1103 7650 
12340)5312 1066 1355 5727 4574 3021 7040 3020 
12350)1021 7112 7012 7012 5333 7740 7641 0000 
12360)6201 1425 3460 1060 3425 1061 7440 3410 
12370)1010 7001 3060 3531 6211 5757 1261 0612 
12400)6202 0757 0757 6250 0757 0001 2000 0000 
12410)0000 0000 0000 7766 0000 7301 1214 4541 
12420)1614 3214 5614 0000 1067 4557 0122 4240 
12430)1102 4551 1067 4240 1360 3066 4551 5623 
12440)0000 0106 3032 1113 3033 5250 2033 3032 
12450)1032 1213 7500 5246 7200 1033 4551 1032 
12460)1113 4551 5640 0000 7450 1066 6202 4703 
12470)5273 4463 5663 1077 4463 1076 4463 1123 
12500)4463 1123 5271 6325 0000 1110 7041 1066 
12510)7450 1354 1101 7450 5757 1355 3071 1071 
12520)0356 1360 7440 1356 7650 5334 1071 0122 
12530)7440 4337 6211 5704 1122 4337 5326 0000 
12540)2062 5361 1061 4573 3061 1013 7141 1001 
12550)1010 7620 5737 4566 0040 0377 0140 3000 
12560)7640 4557 3061 7040 3062 5737 0000 6201 
12570)1422 6211 5766 0000 6201 1417 6211 5773 
12600)7560 7575 2016 5206 5202 0000 6031 5202 
12610)6036 0106 7450 5206 1123 4241 5605 0000 
12620)3205 1205 6041 5227 6046 7300 5617 7300 
12630)6031 5221 6036 0106 1123 4241 7300 5221 
12640)0000 0000 3240 1240 1201 7650 5255 1240 
12650)1200 7650 5276 1240 5641 6203 5657 7600 
12660)0000 6031 5660 6036 0106 1123 4241 7300 
12670)5660 3272 0000 7340 1272 7410 1123 3067 
12700)3034 6046 6041 5302 6203 5777 1376 3775 
12710)1374 3064 1373 3063 1077 4551 1110 4551 
12720)4553 2022 4567 7450 5332 3067 1101 4551 
12730)4551 4553 1077 4551 5177 0000 0000 0000 
12740)0000 0000 0000 0000 0000 0000 0000 0000 
12750)0000 0000 0000 0000 0000 0000 0000 0000 
12760)0000 0000 0000 0000 0000 0000 0000 0000 
12770)0000 0000 0000 2617 2605 2162 4551 5750 
13000)1062 7640 5210 1010 7041 1027 7700 5635 
13010)1245 4400 1010 3071 6201 2062 5236 1471 
13020)0122 1103 7640 5233 7040 3062 7040 1010 
13030)3010 1471 0101 3061 5635 2532 1471 0101 
13040)1002 7640 5224 3471 5225 0334 1133 3030 
13050)1031 7041 1030 7650 5540 1430 6201 3714 
13060)6211 1313 3017 3020 4545 4551 4545 4551 
13070)4545 4551 2030 1430 4712 4545 4551 2030 
13100)4407 0430 0000 4527 1077 4551 1070 1111 
13110)1030 5247 2440 0203 0204 0000 0000 3066 
13120)1725 7650 5716 4551 5716 2162 0000 6203 
13130)4732 5726 5463 6202 5735 5442 2605 0000 
13140)4550 1374 2337 6203 5737 0000 1336 3064 
13150)1110 4777 4464 5745 0000 3071 7410 5364 
13160)1071 7450 7330 4777 1071 6202 4770 5754 
13170)3665 0000 4463 6202 5771 0000 0000 2617 
13200)1220 3151 4453 3244 1244 7740 1245 7640 
13210)5215 1377 4776 3232 3225 4537 1612 4453 
13220)3274 4537 1612 4453 4245 0000 1207 4776 
13230)1274 4245 0000 3274 1274 4776 1244 7700 
13240)5535 1274 4776 5535 0000 0000 3332 1332 
13250)7112 7012 7010 0375 1207 3355 1355 1645 
13260)7650 5267 1355 4776 1355 7141 3645 2245 
13270)1332 0375 1002 5645 0000 3245 1374 3151 
13300)1375 4776 1245 4551 3245 5674 1373 4776 
13310)4453 7650 1372 1371 4776 1046 7750 4770 
13320)3274 1367 4332 1366 4332 4770 7300 1274 
13330)4355 5535 0000 3056 4537 1431 4770 0375 
13340)7106 7006 7004 3045 4770 0375 1045 4355 
13350)4407 7000 6430 0000 5732 0000 3045 1001 
13360)3044 3046 3047 5755 0000 0000 3112 3012 
13370)2605 0205 0025 0233 2463 0037 2617 0235 

# Segment 1: 2 pages
14000)1377 3176 6201 1776 6211 3060 6040 4537 
14010)0420 1375 4774 7340 1030 3030 4407 0430 
14020)6346 0000 1045 7650 5323 1373 4774 7640 
14030)5235 4772 4316 1371 5244 1370 4774 7640 
14040)5245 4772 4322 1367 3035 1366 4774 7640 
14050)5253 4772 4307 1365 4774 7640 5261 4772 
14060)4336 1364 4774 7650 5267 4772 4343 1363 
14070)4774 7650 5275 4772 4331 1362 4774 7650 
14100)5303 4772 4352 1361 4774 7640 5323 4772 
14110)4221 1360 3774 1357 3010 1356 3011 1411 
14120)3410 2774 5317 1133 3031 1355 4774 1374 
14130)4774 1375 4774 7340 1030 3030 4407 0346 
14140)6430 0000 1031 3133 5745 2213 0000 0000 
14150)0000 0000 0000 0000 0000 4100 4256 7270 
14160)7747 0300 1100 1000 0700 0500 0400 5177 
14170)0200 1264 4207 0100 4200 4300 0207 2677 
14200)0000 3056 4537 1431 2030 1430 5600 0000 
14210)1607 2207 3010 1410 7450 5607 3071 1410 
14220)3471 5213 0070 0005 0117 7775 5526 7772 
14230)5527 0007 1504 7000 6143 7771 6277 3147 
14240)6402 3047 6540 3043 6736 0027 7036 5263 
14250)7105 2047 7072 3047 7260 7751 0000 1042 
14260)1046 3256 7004 1045 1041 7420 5304 3045 
14270)1256 3046 7200 1254 7004 3254 1200 7004 
14300)3200 2255 5267 1254 3046 1200 3045 5661 
14310)0226 5643 0367 5611 1201 2671 0000 0405 
14320)2671 0406 2671 0402 2671 0403 2671 0404 
14330)2671 0000 1216 1371 1217 4400 0000 6001 
14340)7300 6002 7300 0000 6001 1335 6002 4551 
14350)6135 0275 0000 5662 7532 6133 0246 6301 
14360)7532 0000 0000 0000 0000 0000 0000 0000 
14370)0000 0000 0000 0000 0000 0000 0000 0000 

# Segment 2: 13 pages
14400)0000 0000 0000 0000 0000 0000 0000 0000 
14410)0000 0000 0000 0000 0000 0000 0000 0000 
14420)0000 0000 0000 0000 0000 0000 0000 0000 
14430)0000 0000 0000 0000 0000 0000 0000 0000 
14440)0000 0000 0000 0000 0000 0000 0000 0000 
14450)0000 0000 0000 0000 0000 0000 0000 0000 
14460)0000 0000 0000 0000 0000 0000 0000 0000 
14470)0000 0000 0000 0000 0000 0000 0000 0000 
14500)0000 0000 0000 0000 0000 0000 0000 0000 
14510)0000 0000 0000 0000 0000 0000 0000 0000 
14520)0000 0000 0000 0000 0000 0000 0000 0000 
14530)0000 0000 0000 0000 0000 0000 0000 0000 
14540)0000 0000 0000 0000 0000 0000 0000 0000 
14550)0000 0000 0000 0000 0000 0000 0000 0000 
14560)0000 0000 0000 0000 0000 0000 0000 0000 
14570)0000 0000 0000 0000 0000 0000 0000 0000 
14600)0000 0000 0000 0000 0000 0000 0000 0000 
14610)0000 0000 0000 0000 0000 0000 0000 0000 
14620)1045 7710 4724 3033 4407 4313 6675 0000 
14630)4453 3325 4407 7000 6676 0675 2676 6675 
14640)4675 6676 1310 6326 0305 3326 2675 1277 
14650)6326 0302 4676 1326 6326 0675 3326 4321 
14660)1316 0000 1325 1044 3044 2033 5535 4407 
14670)6675 0316 3675 0000 5535 5322 5326 0004 
14700)2372 1402 7774 2157 5157 0012 5454 0343 
14710)0007 2566 5341 0001 2705 2435 0001 2000 
14720)0000 0002 2000 0000 5163 0000 0000 0000 
14730)0000 0000 4407 0675 4675 6676 4374 1371 
14740)4676 1366 6326 0363 4676 1360 4676 1355 
14750)4675 3326 0000 5754 5024 0000 2437 1643 
14760)7777 3304 4434 7773 3306 5454 0000 2437 
14770)1646 0000 2427 2323 7775 3427 7052 0000 
15000)1045 7710 4363 3033 4407 6635 2637 0000 
15010)1045 7710 5221 4407 0637 3635 6635 0000 
15020)7240 3362 5623 4732 2362 5634 4407 6635 
15030)0636 2635 0000 5634 5302 5322 5316 4716 
15040)1045 7450 4566 7710 4566 4407 6756 2637 
15050)0000 1045 7450 5535 7700 5264 4407 0637 
15060)3756 6756 0000 7240 3033 1001 3044 7040 
15070)1756 3045 3046 3047 7001 3756 4407 4357 
15100)6635 0756 2637 6756 4353 1350 4756 1345 
15110)4756 1342 4756 1337 4756 1334 4756 1331 
15120)4756 1326 4756 1635 0000 5634 0000 3777 
15130)7742 7777 4000 4100 7777 2517 0310 7776 
15140)4113 7211 7776 2535 3301 7775 4746 0771 
15150)7774 2236 4304 7771 4544 1735 4726 0000 
15160)2613 4414 0000 0000 4451 7240 5763 0000 
15170)0000 0000 0000 0000 0000 0000 0000 0000 
15200)4407 6322 0316 2322 0000 1045 7740 5215 
15210)1045 7700 5535 4451 7040 3033 4407 3306 
15220)6326 0000 4453 4407 7000 6322 0326 2322 
15230)4306 6322 2312 0000 1045 7710 5245 4407 
15240)6322 0000 1033 7040 3033 4407 0322 2316 
15250)0000 1045 7710 5261 4407 0312 2322 6322 
15260)0000 4407 0322 3316 6322 4322 6326 0332 
15270)4326 1336 4326 1342 4326 1346 4326 1316 
15300)4322 0000 2033 5535 4451 5535 0003 3110 
15310)3755 2421 0002 3110 3755 2421 0001 3110 
15320)3755 2421 0000 0000 0000 0000 0000 0000 
15330)0000 0000 7764 2501 7015 1042 7771 5464 
15340)5514 6150 7775 2431 5361 4736 0000 5325 
15350)0414 3167 0000 0000 0000 0000 0000 0000 
15360)0000 0000 0000 0000 0000 0000 0000 0000 
15370)0000 0000 0000 0000 0000 0000 0000 0000 
15400)0000 3334 1052 4557 0122 3032 1032 7041 
15410)7450 1326 3335 1052 7450 5241 0122 3333 
15420)1335 1333 7510 5230 7240 1032 3333 7040 
15430)1033 7500 7200 1032 7510 5263 1326 7500 
15440)7200 1327 3071 1731 1071 3336 1071 7041 
15450)3071 1325 2736 1736 1330 7710 5265 3736 
15460)2071 5321 2736 2033 7200 1052 7650 5356 
15470)1335 1033 7540 5355 1333 7500 7200 7041 
15500)1033 7041 3032 1033 1032 7650 5343 1032 
15510)7001 7710 1105 4336 2032 5303 1102 4551 
15520)5303 7040 1336 3336 5252 0004 7766 0013 
15530)7766 6150 6154 0000 0000 0000 0000 4732 
15540)2335 5736 5600 7040 1033 3033 2334 5353 
15550)7040 3334 5313 1414 5313 7200 4732 1102 
15560)4551 2200 1414 4336 2334 5362 7040 3334 
15570)5363 0000 1045 3050 1045 7710 4451 5771 
15600)0000 3046 3044 3045 3047 3314 3050 1066 
15610)1264 7450 5220 1111 7640 5221 7040 3050 
15620)4666 1066 1265 7650 5220 4227 5600 0000 
15630)1066 1262 7650 5627 4561 5627 5247 1054 
15640)3313 4267 2314 7640 4566 4666 5230 1066 
15650)1112 7710 5627 1066 1263 7740 5627 1066 
15660)0122 5240 7473 7446 7525 7540 0756 0000 
15670)1047 3043 1046 3042 1045 3041 3312 4315 
15700)4315 4333 4315 1313 3043 3042 3041 4333 
15710)1312 5667 0000 0000 0000 0000 1047 7104 
15720)3047 1046 7004 3046 1045 7004 3045 1312 
15730)7004 3312 5715 0000 7300 1047 1043 3047 
15740)7004 1046 1042 3046 7004 1045 1041 3045 
15750)7004 1312 3312 5733 0000 7300 1041 7510 
15760)7120 7010 3041 1042 7010 3042 1043 7010 
15770)3043 2040 5754 5754 0000 4545 6202 5774 
16000)0000 1335 4551 1045 7700 1334 1336 4551 
16010)4753 3033 1044 7510 5227 7440 1341 7750 
16020)5234 4407 4744 0000 7001 1033 5211 4407 
16030)4752 0000 7040 5225 3745 3746 1350 3014 
16040)1044 7140 3354 1343 3044 4526 2354 5245 
16050)1746 7450 5270 1342 7710 5264 7001 3414 
16060)2044 1342 2033 7000 1746 2033 7000 7410 
16070)4747 3414 2044 5270 1350 3014 1343 4751 
16100)5600 1333 4551 1033 7510 7041 3045 1033 
16110)7700 1111 1336 4551 1045 2044 1337 7500 
16120)5315 1340 3045 7040 1044 7440 4354 1045 
16130)4732 5600 2440 0305 7763 0240 0255 7634 
16140)0144 7774 7766 7765 6275 5713 5712 5667 
16150)7467 5400 6271 5571 0000 1113 4551 5754 
16160)0000 6201 1423 6211 5760 0000 6201 1430 
16170)6211 5765 0000 0000 0000 0000 0000 0000 
16200)0000 7640 4706 1066 1114 7650 5202 4702 
16210)1066 1115 7640 5221 4706 3705 4703 1705 
16220)7041 3033 1310 3044 4704 4707 4407 6430 
16230)0000 1066 1301 7640 5246 4706 4702 4704 
16240)1047 1033 3033 4407 0430 0000 1033 7450 
16250)5600 7700 5261 4407 4275 6430 0000 7001 
16260)5266 4407 4271 6430 0000 7040 1033 3033 
16270)5246 0004 2400 0000 0000 7775 3146 3146 
16300)3150 7473 5600 5627 7173 5714 0756 7335 
16310)0043 4407 0337 6040 0000 1335 3337 4526 
16320)2337 5317 4736 4526 4736 4407 6337 0000 
16330)3044 7350 0045 3045 5535 7762 5733 0000 
16340)4421 3040 0001 0000 6201 1411 6211 5743 
16350)0000 6201 3410 6211 5750 0000 0000 0000 
16360)0000 0000 0000 0000 0000 0000 0000 0000 
16370)0000 0000 0000 0000 0000 0000 0000 0000 
16400)0000 7300 7000 7000 1600 7450 5600 3262 
16410)1262 0123 7650 5216 1104 0200 3040 1106 
16420)0262 1040 3040 1263 0262 7650 5231 1440 
16430)3040 2200 7040 1040 3015 1262 7106 7006 
16440)0107 7450 5267 1264 3262 1662 7450 5265 
16450)3262 1304 3014 1117 3057 1415 3414 2057 
16460)5255 5662 0000 0400 6573 1303 5273 1303 
16470)3015 7040 1040 3014 1117 3057 1414 3415 
16500)2057 5276 5201 0043 0037 4765 4770 5201 
16510)4772 4771 4773 4767 5201 7000 7000 7000 
16520)3044 3045 3046 3047 5201 4543 0044 4543 
16530)0040 4544 0044 4453 7510 5342 7040 3262 
16540)7000 1045 7640 4566 4543 2405 4544 0044 
16550)4544 7470 5360 4543 7470 4544 0040 4766 
16560)2262 5353 5201 4766 5201 7153 7004 7335 
16570)6623 5754 6757 5733 6506 6505 7107 6563 
16600)6525 0000 6513 0000 7300 1047 7041 3047 
16610)1046 7040 7430 7101 3046 1045 7040 7430 
16620)7101 3045 5603 0000 1045 7450 1046 7650 
16630)5311 1041 7450 1042 7450 1043 7650 5623 
16640)1040 7041 1044 7450 5273 3203 1203 7500 
16650)7041 3322 1322 1336 7710 5275 1203 7700 
16660)5265 4357 2322 5261 5273 7040 1040 3040 
16670)4723 2322 5270 2223 5623 1040 7700 5304 
16700)1044 7700 5623 5306 1044 7700 1203 7740 
16710)5623 1040 3044 1041 3045 1042 3046 1043 
16720)3047 5623 0000 5754 0000 4751 1044 7750 
16730)5353 7001 3043 1350 3040 4223 0043 2047 
16740)5344 2046 7410 2045 3047 4752 1046 5724 
16750)0027 5571 7173 3044 3045 3046 5344 0000 
16760)7300 1045 7510 7020 7010 3045 1046 7010 
16770)3046 1047 7010 3047 2044 5757 5757 0337 
17000)0377 0212 0375 0214 0000 7001 1040 4324 
17010)7710 4353 3301 3300 3277 3276 1045 3751 
17020)1041 4752 0002 1042 4752 0003 1046 3751 
17030)1041 4752 0003 1042 4752 0004 3275 3274 
17040)1043 3751 1045 4752 0004 1046 4752 0005 
17050)1047 3751 1041 4752 0004 1042 4752 0005 
17060)1043 4752 0006 1301 3045 1300 3046 1277 
17070)3047 4301 7000 5604 0000 0000 0000 0000 
17100)0000 0000 2050 4451 4747 7000 5701 1041 
17110)7650 4566 1040 7041 7001 4324 7700 4353 
17120)4750 4301 5723 6401 0000 1044 3044 1124 
17130)0045 1041 7700 7040 3050 1045 7450 5746 
17140)7710 4451 1041 7450 5746 5724 6520 7335 
17150)7261 7256 7200 0000 7300 1043 7041 3043 
17160)1042 7040 7430 7101 3042 1041 7040 7430 
17170)7101 3041 5753 0000 1050 7710 4451 5773 
17200)0000 7450 5600 3254 3253 1257 3255 7100 
17210)1254 7010 3254 1253 7420 5220 7100 1256 
17220)7010 3253 2255 5210 1254 7010 3255 1600 
17230)7041 1252 3254 1255 7100 1654 3654 2254 
17240)7004 1253 1654 3654 7420 5600 2254 2654 
17250)5600 5246 7102 0000 0000 0000 0000 7764 
17260)7735 0000 3200 3254 1260 3255 7410 4526 
17270)7100 1043 1047 3253 7004 1042 1046 3256 
17300)7004 1045 1041 7420 5312 3045 1253 3047 
17310)1256 3046 7200 1254 7004 3254 1200 7004 
17320)3200 1335 7004 3335 2255 5267 1335 3045 
17330)1200 3046 1254 3047 5661 0000 4775 4366 
17340)1045 7450 1047 7450 1046 7650 5363 1045 
17350)7104 7710 5360 4526 7140 1044 3044 5347 
17360)4776 4366 5735 3044 5735 6757 0000 1045 
17370)7510 7041 7710 4765 5766 5571 7173 0000 
17400)4407 6274 0000 1045 7710 4566 1044 7510 
17410)7020 7010 3270 7430 2270 7000 1267 3271 
17420)3272 3273 1275 7450 1276 7650 5265 4407 
17430)0274 3270 1270 0000 7240 1044 3044 1044 
17440)7041 1270 7640 5261 1045 7041 1271 7640 
17450)5261 1046 7041 1272 7500 7041 7001 7700 
17460)5535 4407 6270 0000 5227 3044 5535 3015 
17470)0000 0000 0000 0000 0000 0000 0000 7503 
17500)0000 0000 0000 4560 6041 5304 6203 5777 
17510)1376 1313 3313 5714 0607 0177 1551 0602 
17520)4552 1066 3045 3046 3047 1001 3044 5535 
17530)2163 2163 4453 7450 1124 4551 5535 0000 
17540)4551 6203 5737 0000 4554 6203 5743 1375 
17550)3774 1016 3773 5775 1045 7650 5535 4543 
17560)2405 4544 0044 5772 0000 0000 0000 0000 
17570)0000 0000 2014 6340 0377 6311 5714 6400 

# Segment 3: 10 pages
00000)0000 0000 0000 0000 0000 0000 0000 0000 
00010)0000 0000 0000 0000 0000 0000 0000 0000 
00020)0000 7700 4577 6213 5425 7510 0000 0000 
00030)0000 0000 0000 0000 0000 0000 0000 0066 
00040)7607 7347 5732 5631 5656 5705 6737 0000 
00050)0000 0000 0000 0000 0000 0000 0000 7400 
00060)0000 0000 5755 7244 0000 0000 0000 0000 
00070)0000 5000 0000 0000 0000 0000 5200 0000 
00100)0000 6321 7337 6726 0000 0000 0000 0000 
00110)0000 0000 0077 7757 1002 0260 6276 7540 
00120)3636 0100 6200 0207 0603 7513 3171 0215 
00130)0240 7600 6143 0200 0032 7725 0012 7506 
00140)7473 0004 0057 0002 7522 0026 0007 3137 
00150)7774 0003 0060 2605 2162 4551 0064 0177 
00160)0607 7200 6137 7400 7303 6560 5743 0063 
00170)2617 0232 5425 7772 5615 7467 6000 6152 
00200)0000 0000 0000 0000 0000 5051 0060 2367 
00210)0224 0000 0355 2023 5770 4006 1703 0114 
00220)5440 6171 6761 7715 0266 0212 0372 4020 
00230)2357 7040 0617 0301 1454 4061 7167 6140 
00240)0231 4004 5640 2303 1016 0511 0405 2240 
00250)4640 0256 4023 1511 2410 4017 0640 1715 
00260)2311 5440 6657 6157 6761 7715 0330 0224 
00270)0372 4011 1624 0522 2225 2024 1116 0740 
00300)2410 0540 1116 1124 1101 1440 0411 0114 
00310)1707 2505 4022 0524 0111 1623 4023 2401 
00320)1604 0122 0440 0605 0124 2522 0523 7715 
00330)0373 0236 0372 4017 1511 2424 1116 0740 
00340)1720 2411 1716 2340 6154 4062 5440 0116 
00350)0440 6340 1116 0322 0501 2305 4024 1005 
00360)4016 2515 0205 2240 1706 4026 0122 1101 
00370)0214 0523 7715 0424 0242 0372 4017 1511 
00400)2424 1116 0740 1720 2411 1716 4064 4020 
00410)0522 1511 2423 4014 0122 0705 2240 2022 
00420)1707 2201 1523 7715 0430 0250 0577 1500 
00430)0474 0262 2340 2150 6164 6151 7563 5661 
00440)7323 4021 5062 6263 5175 6256 6173 2340 
00450)2150 6265 6551 7562 5665 7303 4023 0524 
00460)2340 1411 1605 4016 2515 0205 2240 2017 
00470)1116 2405 2223 7715 0513 0267 2340 2150 
00500)6164 7151 7562 5664 7323 4043 7561 7307 
00510)4061 5667 7715 0537 0274 2440 4141 4222 
00520)0524 2231 4017 2240 2431 2005 4010 0514 
00530)2072 4040 4273 0740 6256 6177 1500 0601 
00540)0306 2440 4141 4204 1740 3117 2540 2701 
00550)1624 4024 1005 4023 2401 1604 0122 0440 
00560)0605 0124 2522 0523 4017 0640 2023 5770 
00570)4006 1703 0114 5440 6171 6761 3740 4042 
00600)7715 0612 0405 0372 4007 0524 4011 1620 
00610)2524 7715 0623 0412 2340 2075 6073 2340 
00620)2675 6077 1500 0632 0424 2340 2075 2053 
00630)6177 1500 0643 0426 2340 2350 2051 7506 
00640)1116 5051 7715 0707 0431 1140 3350 2055 
00650)6265 5152 5023 5020 5155 6164 6151 5250 
00660)2350 2051 5562 6263 5152 5023 5020 5155 
00670)6265 6551 5250 2350 2051 5561 6471 5135 
00700)6256 6254 6256 6354 6256 6277 1500 0725 
00710)0436 1140 5062 6555 2051 5461 5666 7307 
00720)4021 5023 5020 5151 7715 0763 0450 2440 
00730)4236 2542 4173 0740 6256 6173 0340 2205 
00740)2305 2440 0310 0122 0103 2405 2240 2017 
00750)1116 2405 2240 0116 0440 2324 0122 2440 
00760)1726 0522 7715 1021 0462 2340 2075 2055 
00770)0623 0716 5020 5561 5173 2440 4234 4273 
01000)0740 6256 6262 7303 4004 0514 0524 0523 
01010)4014 0123 2440 0310 0122 0103 2405 2277 
01020)1500 1037 0605 0372 4005 3001 1511 1605 
01030)4011 1620 2524 4014 1116 0577 1500 1075 
01040)0607 0372 4003 1005 0313 4006 1722 4031 
01050)5440 1054 4023 2001 0305 5440 0317 1515 
01060)0154 4022 0524 2522 1640 0116 0440 1617 
01070)1655 0411 0711 2423 7715 1116 0612 2440 
01100)4173 1140 5023 5061 5155 6261 6751 6356 
01110)6254 6356 6165 5463 5662 7715 1140 0617 
01120)0440 6456 6373 0440 6456 6473 0440 6456 
01130)6573 0440 6456 6673 0740 6456 7165 7715 
01140)1155 0624 1140 5023 5061 5155 6260 6051 
01150)6356 6262 5465 5661 7715 1172 0626 1140 
01160)5023 5061 5155 6164 6151 6356 6354 6356 
01170)6165 7715 1211 0636 2340 2675 2653 6173 
01200)1140 5026 5520 5163 5664 5464 5660 6577 
01210)1500 1232 0650 1140 5006 0102 2350 2350 
01220)2651 5561 7060 5665 5155 6556 6151 6356 
01230)6677 1500 1257 0662 1140 3350 2350 2651 
01240)5561 6660 5152 5023 5026 5155 6167 6251 
01250)3561 5666 5463 5666 5461 5666 7715 1273 
01260)0674 2340 2550 2350 2651 5175 6173 0740 
01270)6356 6377 1500 1306 1001 0372 4005 1603 
01300)1704 0540 0614 0107 2377 1500 1321 1005 
01310)1140 5025 5061 7065 5151 5464 5661 6577 
01320)1500 1336 1012 0640 3275 6167 6754 6170 
01330)6073 2340 2550 3251 7561 7715 1351 1017 
01340)1140 5025 5061 6767 5151 5464 5662 6577 
01350)1500 1362 1024 2340 0175 6173 2340 4375 
01360)6277 1500 1375 1031 1140 5025 5061 6770 
01370)5151 5464 5663 6577 1500 1411 1036 2340 
01400)0175 6173 2340 0275 6173 2340 4375 6677 
01410)1500 1424 1043 1140 5025 5061 6771 5151 
01420)5464 5664 6577 1500 1436 1050 2340 0375 
01430)6173 2340 4375 4352 6577 1500 1451 1055 
01440)1140 5025 5061 7060 5151 5464 5665 6577 
01450)1500 1463 1062 2340 0475 6173 2340 4375 
01460)4352 6777 1500 1476 1067 1140 5025 5061 
01470)7061 5151 5464 5666 6577 1500 1510 1074 
01500)2340 0575 6173 2340 4375 4352 6161 7715 
01510)1523 1101 1140 5025 5061 7062 5151 5464 
01520)5667 6577 1500 1535 1106 2340 0775 6173 
01530)2340 4375 4352 6163 7715 1550 1113 1140 
01540)5025 5061 7063 5151 5464 5670 6577 1500 
01550)1562 1120 2340 1075 6173 2340 4375 4352 
01560)6167 7715 1575 1125 1140 5025 5061 7064 
01570)5151 5464 5671 6577 1500 1610 1132 2340 
01600)1175 6173 2340 4375 4352 5055 6151 7715 
01610)1653 1137 2440 4566 5660 6454 4142 2022 
01620)1703 0505 0456 4241 4173 7322 7303 7240 
01630)2205 2425 2216 2340 2417 4015 0103 1011 
01640)1605 4014 0116 0725 0107 0540 2022 1707 
01650)2201 1577 1500 1700 1140 0372 4027 1011 
01660)0310 4003 1716 0611 0725 2205 2340 2023 
01670)5770 4006 1703 0114 5440 6171 6761 7715 
01700)1713 1205 0372 4010 0514 2040 2022 1116 
01710)2417 2524 7715 1754 1212 2440 4141 4142 
01720)0116 2327 0522 4002 3140 2431 2011 1607 
01730)4024 1005 4003 1704 0523 4024 1740 2205 
01740)2401 1116 4024 1005 4006 0501 2425 2205 
01750)2372 4241 4177 1500 1770 1224 2440 4261 
01760)4040 2311 1640 4640 0317 2342 4177 1500 
01770)2013 1236 2440 4262 4040 2311 1654 4003 
02000)1723 5440 1417 0754 4005 3020 4046 4001 
02010)2416 4241 7715 2033 1250 2440 4263 4040 
02020)0530 2405 1604 0504 4020 2205 0311 2311 
02030)1716 4241 7715 2051 1262 2440 4264 4040 
02040)0611 1405 4003 1715 1501 1604 2342 4177 
02050)1500 2074 1267 2440 4265 4040 1405 0104 
02060)1116 0740 2320 0103 0540 1116 4047 2431 
02070)2005 4742 4177 1500 2132 1274 2440 4266 
02100)4040 4775 4740 1116 4047 2431 2005 4740 
02110)5017 2024 1117 1640 6540 0411 2301 0214 
02120)0523 4024 1011 2340 1720 2411 1716 5142 
02130)4177 1500 2147 1306 2440 4267 4040 4772 
02140)4740 1116 4047 0123 1347 4241 7715 2175 
02150)1320 2440 4270 4040 4746 4740 1116 4020 
02160)1727 0522 2355 1706 5524 0516 4016 1724 
02170)0124 1117 1642 4177 1500 2217 1332 2440 
02200)4271 4040 2205 2401 1116 2340 0605 0124 
02210)2522 0523 4062 5463 5464 4241 7715 2246 
02220)1334 2440 4260 4040 2205 2401 1116 2340 
02230)1617 1605 4017 0640 1411 2324 0504 4006 
02240)0501 2425 2205 2342 4141 7715 2277 1336 
02250)2440 4231 0523 4040 2205 2401 1116 2340 
02260)2324 0116 0401 2204 4006 0501 2425 2205 
02270)2340 6254 6354 6454 6542 4177 1500 2326 
02300)1340 2440 4222 2502 1725 2440 0405 1405 
02310)2405 2340 2022 0503 0505 0411 1607 4003 
02320)1001 2201 0324 0522 4241 7715 2361 1342 
02330)2440 4247 4273 2340 0475 0617 2524 5062 
02340)6263 5173 2440 4247 4017 2240 0324 2214 
02350)5725 4013 1114 1423 4014 1116 0542 4141 
02360)7715 0000 1343 0740 6156 6477 1500 6477 
02370)1440 0440 0424 0163 7206 1114 0556 0604 

# Segment 4: 2 pages
03400)0000 0000 0000 0000 0000 0000 0000 0000 
03410)0000 0000 0000 0000 0000 0000 0000 0000 
03420)0000 0000 0000 0000 0000 0000 0000 0000 
03430)0000 0000 0000 0000 0000 0000 0000 0000 
03440)0000 0000 0000 0000 0000 0000 0000 0000 
03450)0000 0000 0000 0000 0000 0000 0000 0000 
03460)0000 0000 0000 0000 0000 0000 0000 0000 
03470)0000 0000 0000 0000 0000 0000 0000 0000 
03500)0000 0000 0000 0000 0000 0000 0000 0000 
03510)0000 0000 0000 0000 0000 0000 0000 0000 
03520)0000 0000 0000 0000 0000 0000 0000 0000 
03530)0000 0000 0000 0000 0000 0000 0000 0000 
03540)0000 0000 0000 0000 0000 0000 0000 0000 
03550)0000 0000 0000 0000 0000 0000 0000 0000 
03560)0000 0000 0000 0000 0000 0000 0000 0000 
03570)0000 0000 0000 0000 0000 0000 0000 0000 
03600)0000 0000 0000 0000 0000 0000 0000 0000 
03610)0000 0000 0000 0000 4503 1066 4443 4441 
03620)4462 7610 5217 7340 3047 4576 4442 1175 
03630)7450 5574 1173 7640 4463 5572 0000 1050 
03640)7650 5636 1171 4265 1365 1377 7640 5243 
03650)1105 6212 4421 0004 5546 0000 4463 3050 
03660)6211 1170 3567 6201 5636 0000 4566 3326 
03670)6201 1036 0376 2330 5324 4330 1036 4330 
03700)7346 3330 2370 5326 4565 0077 7300 1367 
03710)1255 7630 5342 4500 4200 4400 0000 5564 
03720)2316 2255 4353 5326 3765 2365 7402 5665 
03730)0000 7106 7006 3036 1036 0163 1766 3766 
03740)2366 5730 3050 1105 6212 4421 0004 5546 
03750)0000 7600 4463 0000 1315 3365 1315 3366 
03760)7346 3330 1351 3370 5753 0000 0000 0000 
03770)0000 0000 0000 0000 0000 0000 0377 3400 

# Segment 5: 8 pages
05400)4562 4561 0073 0003 5240 5777 4577 4444 
05410)0026 4445 5546 1053 3776 1052 3775 4774 
05420)7340 3050 1054 3105 3773 1050 7650 4463 
05430)6211 2047 1274 3772 1371 6213 3567 5560 
05440)1170 5234 1437 3066 6201 1370 3031 4503 
05450)1066 4443 4441 4462 7610 5252 4442 4446 
05460)6763 7401 4463 0000 7300 2345 5725 4473 
05470)0200 4000 0000 7700 7610 5564 2272 1271 
05500)3344 1161 3345 1744 4325 1744 0163 3343 
05510)2344 1744 4325 1744 2344 0163 7112 7012 
05520)1343 7012 7012 4325 5303 0000 0157 7450 
05530)5264 1367 7440 5340 3051 6211 1366 3556 
05540)1171 6213 5663 0000 0000 0000 0000 0000 
05550)0000 0000 0000 0000 0000 0000 0000 0000 
05560)0000 0000 0000 0000 0000 0000 3145 7746 
05570)0604 3154 3156 3655 3753 3767 3716 7330 
05600)4562 4561 0066 0002 5227 4463 4577 1053 
05610)3777 7340 3051 7340 3776 1051 7650 4463 
05620)1375 6213 3556 2047 1155 3554 5560 1153 
05630)5220 0000 4343 3254 6211 1774 3035 7040 
05640)1035 3774 1035 7141 1552 7630 4463 1774 
05650)6201 3011 1036 3435 6203 5631 0000 1656 
05660)1151 3305 2256 4343 3270 6201 1150 3020 
05670)7402 1705 6203 4231 7340 1305 3305 2020 
05700)5270 1270 3303 0000 5656 0000 7340 1705 
05710)3012 2305 1373 6214 3321 1150 3020 6201 
05720)4332 6201 3412 2020 5317 7326 1321 3330 
05730)0000 5705 0000 4343 3341 6211 2774 6201 
05740)1411 6203 5732 0000 3036 1272 6214 5743 
05750)1032 7640 4772 6213 5771 0000 6213 4547 
05760)2355 5755 0000 0000 0000 0000 0000 0000 
05770)0000 2706 7275 6201 0013 3126 5545 5472 
06000)0000 4352 1377 3033 3034 4216 1146 7640 
06010)5600 4441 1026 3033 1027 5204 0000 3026 
06020)3027 3030 1145 3333 7240 3334 3335 4503 
06030)7410 4441 1066 1144 7450 5271 1143 7650 
06040)5302 4316 5616 7430 1142 7001 3316 1335 
06050)1173 7700 5231 1335 7110 1333 3336 1316 
06060)7430 5265 7106 7006 7006 1736 3736 2335 
06070)5231 1026 7640 2334 4463 3031 4441 2333 
06100)1141 5226 4441 4503 1066 1140 7640 5616 
06110)3047 4441 4316 5616 7300 5311 0000 1066 
06120)1137 7100 1136 7430 5331 1135 7120 1134 
06130)7420 2316 5716 0000 0000 0000 0000 0000 
06140)6041 5340 5737 0000 6212 4421 0010 1133 
06150)3021 5743 0000 7300 1021 7710 5752 6212 
06160)4421 0011 1251 3021 5752 0000 0000 0000 
06170)0000 0000 0000 0000 0000 0000 0000 5723 
06200)0000 1600 2200 3206 4276 7776 0000 0032 
06210)5221 2014 1414 3054 1014 3217 4565 0000 
06220)5600 2206 1033 3606 2206 1034 3606 2206 
06230)4532 1033 3242 1034 3243 1606 3244 6212 
06240)4421 0001 0000 0000 0000 4463 7100 1244 
06250)1133 7630 5265 1244 0131 7141 1606 7650 
06260)5265 3244 4565 6243 5231 2206 1243 3606 
06270)2206 1244 3606 1243 3054 5600 0000 1676 
06300)2276 3020 1676 2276 3014 1676 2276 3015 
06310)1414 7041 1415 7640 5676 2020 5310 2276 
06320)5676 0000 6213 4777 5721 0000 1376 7450 
06330)5344 1131 7450 5352 2325 1375 7500 2754 
06340)7000 1130 6212 5725 1127 6212 4526 3754 
06350)1133 5326 3754 5342 1307 0323 0303 0322 
06360)0314 0304 0307 0240 0305 5600 5400 6555 
06370)3614 0000 0000 0000 0000 7755 7763 7537 
06400)6211 3525 1437 6201 3066 1066 4443 1124 
06410)3031 7610 4441 4462 7410 5212 4442 4446 
06420)6354 0046 4463 6433 6602 6600 7000 7252 
06430)6701 6540 7600 4576 4236 5022 0000 4777 
06440)1145 3270 6211 1552 6201 3523 4532 4522 
06450)0054 1523 0232 7110 3337 1337 1121 0232 
06460)7112 7010 3336 1336 1054 6212 4421 0003 
06470)0026 0000 4463 1336 7112 7012 3304 1054 
06500)6212 4421 0004 0026 0000 4463 1304 7041 
06510)3333 1270 3104 1033 3334 1034 3335 1270 
06520)3330 7130 7001 1337 3326 4461 0000 0200 
06530)0000 5564 5636 0000 0000 0000 0000 0000 
06540)4442 6211 3437 6201 4445 0033 4442 3052 
06550)4442 3053 4522 0054 5776 4520 6213 5560 
06560)0000 1760 3336 1736 2336 1375 3337 1736 
06570)6211 3737 6201 2360 5760 7646 6620 7270 
06600)7001 7001 7001 6211 3525 6201 4561 0054 
06610)0002 5216 4463 4577 4777 7700 4463 4502 
06620)4577 1053 3262 1011 1131 0131 7104 7006 
06630)7006 1052 7710 5776 6211 7344 1525 7640 
06640)5247 1437 6201 4443 1127 6211 3437 6201 
06650)1052 7041 7106 7006 7006 7124 3260 4461 
06660)3600 0200 0000 5564 1033 3775 1034 3774 
06670)1053 3104 1052 3773 1523 6211 3552 6201 
06700)5022 1104 7440 5320 4444 7343 4445 0026 
06710)1372 3033 3034 4771 1124 3031 4577 1104 
06720)4443 1773 4443 4444 6534 5201 0000 1066 
06730)1117 7640 5726 4441 5327 2424 3100 0000 
06740)7041 3036 1737 2337 3013 1413 7510 5361 
06750)1036 7640 5345 1013 1737 3036 1436 3036 
06760)5436 2337 7300 5737 0311 0317 0303 0322 
06770)0000 6436 5723 6533 6535 6534 5646 7152 
07000)4576 4522 0054 4577 4352 7700 4463 4440 
07010)4200 1000 0040 5564 7201 3032 7301 3223 
07020)4461 0200 1000 0001 5564 1377 3013 1013 
07030)3017 1013 3260 1413 7650 5341 2013 2013 
07040)1413 3223 1777 7041 1013 3013 1413 7450 
07050)5342 7141 3052 1026 7650 5264 4516 7774 
07060)0000 0025 5342 3026 1223 1376 7440 7001 
07070)7640 5342 7346 3370 1417 4775 2370 5274 
07100)1374 4501 1417 4775 1373 3033 3034 3370 
07110)1433 7450 5336 1052 7510 5321 3052 2370 
07120)5310 7300 2033 1370 2034 7440 5332 1130 
07130)4501 5306 1115 4501 7340 5306 1127 4501 
07140)5342 2013 2622 5227 4562 1514 7440 5217 
07150)4772 5022 0000 1113 1054 3370 6211 1770 
07160)6201 5752 6030 7634 7766 7777 0000 0000 
07170)0000 0000 7275 7162 0256 7305 7174 1004 
07200)0000 7340 3047 4576 4516 7776 0032 6734 
07210)5214 2200 2200 5600 1600 3223 2200 1145 
07220)3234 4532 4522 0000 1600 2200 3233 3235 
07230)1054 6212 4421 0000 0026 0000 5212 1235 
07240)3052 1234 3053 5211 0000 4577 1244 6213 
07250)3777 5776 4576 4532 4522 0054 4270 6212 
07260)1054 4421 0004 0026 0000 4463 3104 5022 
07270)0000 1105 7640 4775 5670 0000 3032 4440 
07300)0200 1000 0040 4463 5675 0000 3270 1270 
07310)7012 7012 7012 4317 1270 4317 5705 0000 
07320)0112 7440 1374 7510 1121 1130 4501 5717 
07330)1050 7650 4463 4775 1373 3200 5214 0000 
07340)6213 4772 5737 0617 0301 1400 2415 0000 
07350)6213 4771 1437 6201 3066 5747 0000 0000 
07360)0000 0000 0000 0000 0000 0000 0000 0000 
07370)0000 5774 7543 5402 7740 3636 2673 2672 

# JSW 0000
# START 10200
