#!/usr/bin/env os8
# /home/vrs/pdp8/Images/.wip/tmp/sv/focl8k.sv

# Segment 0: 1 pages
10000)0000 0000 0000 0000 0000 5051 0060 0126 
10010)3066 3413 0000 0000 0000 0000 0000 1554 
10020)1441 3055 1573 3574 1572 3442 1574 7004 
10030)7720 1572 1043 7650 5547 5444 0564 0766 
10040)0000 7665 1004 0000 0031 7335 0021 0035 
10050)7776 7607 0017 7776 0000 0000 0000 4000 
10060)6202 4575 0210 1000 0015 7402 5467 1005 
10070)0777 0201 0263 0041 7777 0002 7762 0001 
10100)0000 0000 0355 7013 4006 1703 0114 4000 
10110)6171 6671 7715 6201 1007 3406 6202 5525 
10120)6002 1406 3007 6203 5525 7600 0007 0377 
10130)1270 0613 0622 0245 4210 1402 0342 7774 
10140)1404 1400 0244 1401 7757 7646 0765 0243 
10150)0015 0017 0617 0177 0242 7600 0100 0314 
10160)0544 0234 0020 0563 7761 7740 0620 0336 
10170)7730 7746 7736 7700 0200 7607 7764 6203 

# Segment 1: 31 pages
00000)0000 5403 5403 2603 0004 0013 0100 6400 
00010)3142 3766 1004 4616 0046 3771 0000 3142 
00020)7777 1577 0000 3642 0000 3632 0000 3140 
00030)3770 3140 4617 0000 0000 4617 0000 0000 
00040)3767 0000 0000 0000 0000 0000 0000 0000 
00050)0000 6603 2004 6724 0003 0000 0000 0000 
00060)0126 1500 7777 2676 2666 0001 0215 0231 
00070)0005 7503 0214 0207 0203 0337 0212 0215 
00100)0001 7700 0256 7701 7600 7760 0177 0017 
00110)0277 7776 7477 0260 7540 7522 7563 7775 
00120)7773 7767 0077 0200 4000 2030 2155 5715 
00130)6000 6200 0010 0100 3140 0126 2017 2407 
00140)0521 1565 0477 0534 0554 2274 2502 1314 
00150)0721 2465 2155 2425 0302 2242 2360 0413 
00160)1517 1533 2035 0744 0700 2062 2726 2564 
00170)6160 6165 7560 7565 2572 7577 2741 7610 
00200)5576 7000 3022 7001 3100 3026 1226 3013 
00210)1225 4551 1132 3010 3062 1132 3027 4552 
00220)4547 0073 0474 4546 5217 0252 0100 4546 
00230)4546 1132 3017 3020 4545 1035 3013 4560 
00240)4561 5362 5271 2026 4554 1124 1065 7640 
00250)4566 1060 3010 3062 1067 4573 4560 7410 
00260)4545 4546 1066 1116 7640 5260 4565 4556 
00270)5177 4540 0611 4567 7450 5177 3022 1022 
00300)7001 5232 0604 4560 1066 1112 7650 5322 
00310)3036 4771 1047 0372 1046 7640 4566 1047 
00320)4557 7004 3067 4561 4545 4561 5340 5352 
00330)1054 7106 1054 7004 1067 3067 4545 4561 
00340)4566 5352 1054 1067 3067 4545 4561 5340 
00350)7410 4566 7100 1067 0104 7640 7020 1067 
00360)0106 7460 4566 7640 1373 7020 7004 3065 
00370)5702 5600 7740 2000 2014 2010 1160 1142 
00400)1553 1343 5000 4620 5040 5205 5200 7400 
00410)2725 2725 2725 7536 7106 7006 7006 5613 
00420)4554 1022 4542 4543 0017 4543 0065 1065 
00430)7710 5263 4555 7000 1023 3011 4572 4563 
00440)4566 4540 0606 4544 0065 4567 7450 5271 
00450)7001 3030 1065 7740 5260 4571 4563 5271 
00460)4571 3067 5225 4555 4566 4540 0610 4544 
00470)0065 4544 0017 1413 3022 5676 0611 0623 
00500)3071 7040 4310 1071 3413 7040 4310 5677 
00510)0507 1013 3013 1013 7141 1031 7630 4566 
00520)5710 0272 1721 3071 7040 4310 1321 7001 
00530)3413 7040 4310 5471 1734 7240 1734 3011 
00540)2334 1117 4310 1117 3071 1411 3413 2071 
00550)5345 1117 4310 5734 0473 7240 1754 2354 
00560)3011 1117 3071 1413 3411 2071 5363 5754 
00570)2740 0212 0217 0227 1075 1137 2725 1065 
00600)0610 0614 7472 4554 4555 4566 1023 3022 
00610)4545 1066 1116 7650 5541 4550 1376 5210 
00620)1066 0075 4542 4545 4550 1376 7410 5223 
00630)1413 4547 0773 0167 4566 4554 2026 4555 
00640)5267 1067 7640 4553 4545 4551 1066 1116 
00650)7640 5244 4570 7450 5271 7001 3030 1065 
00660)7700 4571 4563 5273 4571 3067 5237 1023 
00670)5253 3026 5541 1065 7750 5271 4551 5264 
00700)1623 4560 4550 1767 5700 1066 2300 1202 
00710)7650 5317 4561 5700 7410 5700 2300 2300 
00720)5700 0626 1721 3012 1412 7510 5340 7041 
00730)1066 7640 5324 1721 7040 1012 3054 7410 
00740)2321 2321 7300 5721 0457 0104 7041 3071 
00750)1067 0104 1071 7650 2344 5744 5646 1036 
00760)7640 5364 4545 5756 4552 4547 6776 3402 
00770)5756 1035 0610 0614 0323 0306 0311 0304 
01000)0307 0303 0301 0324 0314 0305 0327 0315 
01010)0321 0322 0212 4564 4637 2013 4640 1111 
01020)3032 1045 7510 2032 7750 2032 7410 5767 
01030)4547 1377 7371 4545 5230 4545 5225 1601 
01040)2047 4540 1403 4560 1066 1335 7440 4566 
01050)1030 4542 4540 1612 1413 3030 4407 6430 
01060)0000 4547 1377 7177 4566 1030 4542 4540 
01070)1612 4547 1377 7174 4566 4543 2030 4540 
01100)1612 4543 2030 4543 0017 4540 0610 4544 
01110)0017 4544 2030 4544 7470 1413 3030 4407 
01120)0430 1733 6430 2525 0000 1045 7740 5541 
01130)1030 4542 4543 7470 5301 7503 7524 4543 
01140)2405 5301 4453 4542 1066 1336 7640 4566 
01150)4540 1612 4453 6063 7200 1413 6057 7410 
01160)4453 7200 5536 1041 1041 1013 0420 0603 
01170)0614 1202 1203 7503 2204 0635 1256 0177 
01200)1563 6361 7240 3056 3026 4547 1371 0176 
01210)2056 5226 4540 1403 1066 4542 1255 4551 
01220)2036 7001 4531 1413 3066 5202 4540 1613 
01230)4530 5203 2026 4545 4547 1403 0773 4551 
01240)5233 4545 4554 1067 3052 5204 1077 4463 
01250)7001 1077 4551 4545 5204 0272 4554 4555 
01260)4566 1060 3010 3062 1067 4573 1010 3027 
01270)4464 3100 2026 4545 4551 4547 0076 1271 
01300)4546 5273 1060 7001 3010 3062 4552 4547 
01310)0071 1271 4546 5306 0633 7450 1066 7041 
01320)3071 1714 2314 3012 1412 7510 5340 1071 
01330)7640 5324 1012 1714 3071 1471 3071 5471 
01340)2314 7300 5714 4453 7000 6375 6332 5346 
01350)6362 3046 6001 5536 0000 6046 6026 6041 
01360)5357 7200 5754 1273 1270 2740 1302 1271 
01370)0261 1312 0245 0242 0241 0243 0244 0240 
01400)0254 0273 0215 4564 0242 0215 4566 3062 
01410)4546 4545 4550 1767 5226 1066 0122 1061 
01420)3061 4545 4550 1767 5226 5221 4562 5237 
01430)1061 3056 4660 1413 3061 4657 4453 3317 
01440)1134 3030 1030 7041 1031 7750 5261 1430 
01450)7041 1061 7650 5305 1030 1070 5241 2047 
01460)1601 1031 1005 7141 1013 7620 4566 1031 
01470)1070 3031 1061 3430 2030 1317 3430 2030 
01500)4407 0537 6430 0000 5541 1030 3011 1411 
01510)7041 1317 7640 5254 2030 2030 5541 0240 
01520)1066 1114 7640 5717 4545 5320 7520 7507 
01530)0000 2000 0000 0242 1066 1115 7640 2333 
01540)1066 1326 3054 1054 7710 5733 1066 1327 
01550)7750 2333 5733 4407 1330 4350 6330 0000 
01560)3330 3044 5536 7000 3022 1413 3071 5471 
01570)1241 1232 1251 1246 3052 1253 1253 0610 
01600)0614 1015 1054 4542 1055 4542 1056 4542 
01610)1201 4542 4545 3055 4564 5227 5332 5343 
01620)4540 1407 4564 5244 0212 0377 4566 1137 
01630)3030 1111 1054 7450 5247 7001 7650 5323 
01640)1054 1121 7710 5363 4562 7410 4566 1054 
01650)3024 1024 1121 7700 3024 1024 7041 1055 
01660)7710 5310 1055 7112 7012 1331 3274 1055 
01670)7640 4544 0044 4407 0430 6525 0000 1125 
01700)3030 1024 1055 7650 5541 1413 3055 5255 
01710)4562 7410 5365 1055 4542 1030 3320 4543 
01720)2407 1024 3055 4545 4564 5363 5332 5343 
01730)5220 0430 4543 0044 1125 3030 3036 4531 
01740)4544 0044 5222 3056 4545 4550 1767 5354 
01750)1056 7104 1066 5343 4562 4566 4201 1413 
01760)4547 2164 6207 4562 4566 4201 2013 5536 
01770)0240 0253 0255 0257 0252 0336 0250 0333 
02000)0274 0251 0335 0276 0254 0273 0215 0275 
02010)4543 2405 4544 0044 1231 7710 4451 4407 
02020)7000 6230 0000 1125 3030 4247 5627 1622 
02030)0000 0000 0000 0000 0003 1645 1054 1121 
02040)7700 5635 1054 1120 7740 2235 5635 1017 
02050)1413 3055 1234 1413 7041 1054 7640 4566 
02060)4545 5647 0000 6002 4555 5662 2026 4545 
02070)1066 1116 7640 5267 1017 7040 1023 3057 
02100)1133 7041 1023 7650 5177 6211 1423 3425 
02110)1133 3071 1471 7450 5327 3032 1023 7141 
02120)1032 7630 1057 1032 3471 1032 5311 7040 
02130)1023 3011 1057 7040 1023 3012 1057 1060 
02140)3060 1010 7040 1012 3032 1010 1057 3010 
02150)1412 3411 2032 5350 5263 0220 4464 3066 
02160)4550 1623 5755 4551 5755 2533 2650 2636 
02170)2565 2630 2517 2572 2624 2625 2654 2575 
02200)2702 2631 2567 0330 4564 5237 5222 5213 
02210)1066 1112 7440 4566 1135 3060 6211 3533 
02220)6201 5177 4554 1060 3010 4565 2023 1065 
02230)7700 4570 4563 5177 4570 3067 5225 1134 
02240)3031 5541 0606 1133 3025 1133 3023 1023 
02250)3011 1067 7141 4572 7450 5266 7630 5267 
02260)1023 3025 4570 7440 5246 7410 2242 1023 
02270)7001 3017 3020 5642 0624 4330 7710 1006 
02300)1357 1066 7450 5316 1075 3066 1026 1100 
02310)7650 4551 5674 4330 7040 5276 1026 7640 
02320)5326 1100 7650 7001 3100 5275 1110 5305 
02330)2314 2020 5345 1021 0122 3066 1066 1103 
02340)7650 5313 1066 1356 5730 4574 3021 7040 
02350)3020 1021 7112 7012 7012 5334 7740 7641 
02360)0000 6211 1425 3460 1060 3425 1061 7440 
02370)3410 1010 7001 3060 6201 5760 5760 1253 
02400)0614 6202 0757 0757 6250 0001 2000 0000 
02410)0000 0000 0000 7766 0000 6031 5215 6036 
02420)0106 7450 5215 1123 5614 0000 1067 4557 
02430)0122 4242 1102 4551 1067 4242 1356 3066 
02440)4551 5625 0000 0106 3032 1113 3033 5252 
02450)2033 3032 1032 1213 7500 5250 7200 1033 
02460)4551 1032 1113 4551 5642 7547 7450 1066 
02470)1116 7450 5276 1077 4463 5665 1077 4463 
02500)1076 5274 0231 1110 7041 1066 7450 1352 
02510)1101 7450 5755 1353 3071 1071 0354 1356 
02520)7440 1354 7650 5332 1071 0122 7440 4335 
02530)6201 5702 1122 4335 5324 2530 2062 5357 
02540)1061 4573 3061 7100 1123 7000 1010 7620 
02550)5735 4566 0040 0377 0140 3004 7640 4557 
02560)3061 7040 3062 5735 0000 6211 1422 6201 
02570)5764 0266 0000 6211 1417 6201 5772 2342 
02600)0000 4000 7575 3200 7010 3201 6041 5225 
02610)6042 3016 1665 7450 5225 6044 3016 3665 
02620)1265 7001 0107 1263 3265 6031 5246 6036 
02630)0106 7450 5246 1123 3262 1262 1202 7650 
02640)5340 1034 7640 4566 1262 3034 6011 5252 
02650)6012 3037 6244 6101 7000 1201 7104 1200 
02660)6001 5400 0215 3120 3123 3123 0212 1034 
02670)7550 5267 3276 3034 1276 5666 2475 3266 
02700)6001 1664 7640 5301 6002 1016 7640 5314 
02710)1266 6046 3016 5323 1266 3664 1264 7001 
02720)0107 1263 3264 6001 5676 3326 0000 7240 
02730)1326 3067 6001 1016 7640 5333 6002 5342 
02740)1123 3067 2016 1105 3057 7040 1263 3010 
02750)6201 3410 2057 5351 3034 1263 3265 1263 
02760)3264 7040 6046 1101 4551 4553 2022 4567 
02770)7450 5377 3067 1101 4551 4551 4553 1077 
03000)4551 1126 3152 5177 1062 7640 5214 1010 
03010)7041 1027 7700 5641 1251 4551 1010 3071 
03020)6211 2062 5242 1471 0122 1103 7640 5237 
03030)7040 3062 7040 1010 3010 1471 0101 3061 
03040)5641 2530 1471 0101 1006 7640 5230 3471 
03050)5231 0334 1134 3030 1031 7041 1030 7650 
03060)5541 1430 5716 1315 3017 3020 4545 4551 
03070)4545 4551 4545 4551 2030 1430 4714 4545 
03100)4551 2030 4407 0430 0000 4530 1077 4551 
03110)1070 1111 1030 5253 2442 0003 7572 5051 
03120)0000 0000 0000 0000 0000 0000 0000 0000 
03130)0000 0000 0000 0000 0000 0000 0000 0000 
03140)7751 1477 1577 2000 2326 0000 7774 2024 
03150)2000 0000 0216 0000 7777 0000 7757 0617 
03160)0301 1464 2326 3661 7757 0617 0301 1470 
03170)2326 3661 7756 0000 7257 4267 5615 7444 
03200)7200 1114 3010 1410 7410 1015 0000 0000 
03210)0355 0617 0301 1454 6171 6671 7715 3235 
03220)0212 2440 4142 0317 1607 2201 2425 1401 
03230)2411 1716 2341 4142 7715 3272 0224 2440 
03240)4041 4231 1725 4010 0126 0540 2325 0303 
03250)0523 2306 2514 1431 4014 1701 0405 0440 
03260)4706 1703 0114 5461 7166 7147 4017 1640 
03270)0140 7715 3330 0231 2305 2440 2004 2075 
03300)2004 2052 6236 6161 7304 4061 5662 6673 
03310)0417 4061 5671 7304 1740 6273 4024 4041 
03320)4220 2217 0305 0504 5642 4141 7322 7715 
03330)3354 0232 1106 4050 2004 2055 6651 4061 
03340)5663 6054 6156 6267 7324 4042 2004 2055 
03350)7057 1442 7322 7715 3365 0233 2440 4220 
03360)0420 5561 6242 7322 7715 3403 0236 1140 
03370)5020 0420 5565 5161 5664 7324 4042 1401 
03400)0255 7042 7715 3421 0250 1140 5020 0420 
03410)5564 5161 5665 7324 4042 1411 1603 5570 
03420)7715 3443 0262 2440 4220 0420 5542 7311 
03430)0640 5020 0420 5563 5161 5666 7324 4042 
03440)7057 1142 7715 3457 0274 1106 4050 2004 
03450)2055 6251 6156 6773 2440 4270 7715 3474 
03460)0306 1106 4050 2004 2055 6151 6156 7073 
03470)2440 4270 5723 7715 3507 0320 1106 4050 
03500)2004 2051 6156 7173 2440 4265 7715 3522 
03510)0332 2440 4240 0317 1520 2524 0522 5642 
03520)4141 7715 3531 0417 2305 2440 3006 7561 
03530)7715 3546 0424 2440 4142 2310 0114 1440 
03540)1140 2205 2401 1116 4042 7715 3562 0431 
03550)2440 4214 1707 5440 0530 2054 4001 2416 
03560)4037 7715 3601 0436 0417 4061 6073 1106 
03570)4050 2205 5162 5671 5462 5664 5462 5664 
03600)7715 3632 0450 0417 4062 5662 7324 4042 
03610)2311 1605 5440 0317 2311 1605 4037 4273 
03620)0417 4061 6073 1106 4050 2205 5162 5665 
03630)7322 7715 3642 0462 2340 3006 7555 6173 
03640)4022 7715 3650 0532 2340 3006 7560 7715 
03650)3673 2450 0140 2205 7311 4050 2205 5560 
03660)3105 2351 4061 6056 6554 6160 5664 6554 
03670)6160 5665 7715 3704 2455 4023 0524 4022 
03700)0575 5561 7322 7715 3721 2462 1106 4050 
03710)2205 5560 1617 5161 6056 6654 6160 5670 
03720)7715 3750 2474 2440 4142 2014 0501 2305 
03730)4001 1623 2705 2240 4731 0523 4740 1722 
03740)4047 1617 4740 4273 0740 6160 5664 7715 
03750)0000 2520 2305 2440 2205 7561 7322 7715 
03760)2004 0000 0002 3000 0000 3006 0000 0000 
03770)0000 0000 2205 0000 0001 6000 0000 0200 
04000)7757 0070 0000 0000 7777 0102 2314 0422 
04010)2326 5370 7773 1411 0270 0000 2214 5360 
04020)7742 0317 1626 2224 2326 3211 7770 0504 
04030)1124 0000 2326 5450 7767 0424 0217 1724 
04040)2326 3471 7776 1411 0223 0524 2326 3651 
04050)7773 2001 1470 0000 2326 3211 7762 2011 
04060)2000 0000 2326 3211 7767 0424 0615 0124 
04070)2326 3471 7771 1022 1115 0000 2326 3471 
04100)7776 0317 1606 1107 2001 5460 7611 0322 
04110)0506 0000 2326 3651 7764 0424 0317 2031 
04120)2326 3161 7773 1417 0104 0522 2327 3211 
04130)7765 0617 2224 0000 2326 3211 7747 2301 
04140)0222 0000 2326 3211 7751 0000 7166 0051 
04150)0052 0050 0057 0131 0061 0067 0051 0051 
04160)0015 7777 0240 0311 0240 0240 0240 0327 
04170)0317 0322 0324 0264 0311 0215 0212 0240 
04200)0000 4036 2427 3745 5213 5762 6505 2771 
04210)7242 5374 3521 2576 5650 1277 2724 4537 
04220)1352 6257 0565 7127 4272 7453 2135 7625 
04230)5056 7712 2427 3745 5213 5762 6505 2771 
04240)7242 5374 3521 2576 5650 1277 2724 4537 
04250)1352 6257 0565 7127 4272 7453 2135 7625 
04260)5056 7712 2427 3745 5213 5762 6505 2771 
04270)7242 5374 3521 2576 5650 1277 2724 4537 
04300)1616 0423 3505 0056 7212 1025 6524 3042 
04310)5350 6005 2721 5102 4652 2304 0535 5600 
04320)1272 2510 2465 4230 5053 0104 3306 0000 
04330)0000 0000 0000 0000 0000 0000 1054 0322 
04340)0443 0000 0273 0000 0000 0000 1054 3767 
04350)0443 0000 0273 0436 3315 0000 6273 0322 
04360)0443 0001 0215 0231 3215 0000 0000 2407 
04370)4575 1370 3176 6142 6077 6152 6762 6012 
04400)6346 6772 7300 3414 2057 5203 1362 4371 
04410)1370 3000 7040 6167 7200 6171 7650 5226 
04420)1365 6141 1366 6141 7200 5310 6141 0017 
04430)0002 7001 7650 5306 7101 6344 6331 7700 
04440)5246 1350 3752 1351 3753 5307 7354 1367 
04450)7650 5265 7344 1366 7650 5312 1100 3764 
04460)1212 3763 5313 2761 5314 6046 6000 6000 
04470)6000 6000 6000 6000 6000 6000 2057 6041 
04500)5266 1057 1130 7710 5311 2430 2430 2430 
04510)2430 2430 2430 2430 6046 6001 4540 0421 
04520)6002 1360 4371 7450 5344 7710 1366 1120 
04530)3057 1354 3011 1355 3411 2057 5333 1360 
04540)4371 7710 1104 1356 1357 3035 5747 2214 
04550)6313 6307 1153 1156 0401 2725 0560 4617 
04560)3006 2661 2004 6322 2654 0007 0002 4002 
04570)4462 4523 3061 4540 1437 2030 1430 5771 
04600)0000 4036 2427 3745 5213 5762 6505 2771 
04610)7242 5374 3521 2576 5650 1277 0314 0273 
04620)1045 7710 4724 3033 4407 4313 6675 0000 
04630)4453 3325 4407 7000 6676 0675 2676 6675 
04640)4675 6676 1310 6326 0305 3326 2675 1277 
04650)6326 0302 4676 1326 6326 0675 3326 4321 
04660)1316 0000 1325 1044 3044 2033 5536 4407 
04670)6675 0316 3675 0000 5536 5322 5326 0004 
04700)2372 1402 7774 2157 5157 0012 5454 0343 
04710)0007 2566 5341 0001 2705 2435 0001 2000 
04720)0000 0002 2000 0000 5163 0000 0000 0000 
04730)0000 0000 4407 0675 4675 6676 4374 1371 
04740)4676 1366 6326 0363 4676 1360 4676 1355 
04750)4675 3326 0000 5754 5024 0000 2437 1643 
04760)7777 3304 4434 7773 3306 5454 0000 2437 
04770)1646 0000 2427 2323 7775 3427 7052 1473 
05000)1045 7710 4363 3033 4407 6635 2637 0000 
05010)1045 7710 5221 4407 0637 3635 6635 0000 
05020)7240 3362 5623 4732 2362 5634 4407 6635 
05030)0636 2635 0000 5634 5302 5322 5316 4716 
05040)1045 7450 4566 7710 4566 4407 6756 2637 
05050)0000 1045 7450 5536 7700 5264 4407 0637 
05060)3756 6756 0000 7240 3033 1005 3044 7040 
05070)1756 3045 3046 3047 7001 3756 4407 4357 
05100)6635 0756 2637 6756 4353 1350 4756 1345 
05110)4756 1342 4756 1337 4756 1334 4756 1331 
05120)4756 1326 4756 1635 0000 5634 0000 3777 
05130)7742 7777 4000 4100 7777 2517 0307 7776 
05140)4113 7211 7776 2535 3301 7775 4746 0771 
05150)7774 2236 4304 7771 4544 1735 4726 0000 
05160)2613 4414 0000 0000 4451 7240 5763 3042 
05170)5350 6005 2721 5102 4652 2304 0535 1473 
05200)4407 6322 0316 2322 0000 1045 7740 5215 
05210)1045 7700 5536 4451 7040 3033 4407 3306 
05220)6326 0000 4453 4407 7000 6322 0326 2322 
05230)4306 6322 2312 0000 1045 7710 5245 4407 
05240)6322 0000 1033 7040 3033 4407 0322 2316 
05250)0000 1045 7710 5261 4407 0312 2322 6322 
05260)0000 4407 0322 3316 6322 4322 6326 0332 
05270)4326 1336 4326 1342 4326 1346 4326 1316 
05300)4322 0000 2033 5536 4451 5536 0003 3110 
05310)3756 3235 0002 3110 3756 3235 0001 3110 
05320)3756 3235 0000 0000 0000 0000 0000 0000 
05330)0000 0000 7764 2501 7015 1042 7771 5464 
05340)5514 6150 7775 2431 5361 4736 0000 5325 
05350)0414 3167 2465 4230 5053 0560 2127 0251 
05360)5246 0423 3505 0056 7212 1025 6524 3042 
05370)5350 6005 2721 5102 4652 2304 0535 1473 
05400)0000 3334 1052 4557 0122 3032 1032 7041 
05410)7450 1326 3335 1052 7450 5241 0122 3333 
05420)1335 1333 7510 5230 7240 1032 3333 7040 
05430)1033 7500 7200 1032 7510 5263 1326 7500 
05440)7200 1327 3071 1731 1071 3336 1071 7041 
05450)3071 1325 2736 1736 1330 7710 5265 3736 
05460)2071 5321 2736 2033 7200 1052 7650 5356 
05470)1335 1033 7540 5355 1333 7500 7200 7041 
05500)1033 7041 3032 1033 1032 7650 5343 1032 
05510)7001 7710 1105 4336 2032 5303 1102 4551 
05520)5303 7040 1336 3336 5252 0004 7772 0007 
05530)7766 6150 6154 0000 0000 0000 0000 4732 
05540)2335 5736 5600 7040 1033 3033 2334 5353 
05550)7040 3334 5313 1414 5313 7200 4732 1102 
05560)4551 2200 1414 4336 2334 5362 7040 3334 
05570)5363 7337 1045 3050 1045 7710 4451 5771 
05600)6210 3046 3044 3045 3047 3314 3050 1066 
05610)1264 7450 5220 1111 7640 5221 7040 3050 
05620)4666 1066 1265 7650 5220 4227 5600 5626 
05630)1066 1262 7650 5627 4561 5627 5247 1054 
05640)3313 4267 2314 7640 4566 4666 5230 1066 
05650)1112 7710 5627 1066 1263 7740 5627 1066 
05660)0122 5240 7473 7446 7525 7540 0756 5642 
05670)1047 3043 1046 3042 1045 3041 3312 4315 
05700)4315 4333 4315 1313 3043 3042 3041 4333 
05710)1312 5667 0000 0000 0001 5703 1047 7104 
05720)3047 1046 7004 3046 1045 7004 3045 1312 
05730)7004 3312 5715 5710 7300 1047 1043 3047 
05740)7004 1046 1042 3046 7004 1045 1041 3045 
05750)7004 1312 3312 5733 6512 7300 1041 7510 
05760)7120 7010 3041 1042 7010 3042 1043 7010 
05770)3043 2040 5754 5754 4652 2304 0535 1473 
06000)0000 1335 4551 1045 7700 1334 1336 4551 
06010)4753 3033 1044 7510 5227 7440 1341 7750 
06020)5234 4407 4744 0000 7001 1033 5211 4407 
06030)4752 0000 7040 5225 3745 3746 1350 3014 
06040)1044 7140 3354 1343 3044 4527 2354 5245 
06050)1746 7450 5270 1342 7710 5264 7001 3414 
06060)2044 1342 2033 7000 1746 2033 7000 7410 
06070)4747 3414 2044 5270 1350 3014 1343 4751 
06100)5600 1333 4551 1033 7510 7041 3045 1033 
06110)7700 1111 1336 4551 1045 2044 1337 7500 
06120)5315 1340 3045 7040 1044 7440 4354 1045 
06130)4732 5600 2442 0305 7763 0275 0255 7634 
06140)0144 7774 7766 7771 6275 5713 5712 5667 
06150)7467 5400 6271 5571 0000 1113 4551 5754 
06160)0000 6211 1423 6201 5760 0000 6211 1430 
06170)6201 5765 7766 7776 7522 0240 7540 0031 
06200)1740 7640 4706 1066 1114 7650 5202 4702 
06210)1066 1115 7640 5221 4706 3705 4703 1705 
06220)7041 3033 1310 3044 4704 4707 4407 6430 
06230)0000 1066 1301 7640 5246 4706 4702 4704 
06240)1047 1033 3033 4407 0430 0000 1033 7450 
06250)5600 7700 5261 4407 4275 6430 0000 7001 
06260)5266 4407 4271 6430 0000 7040 1033 3033 
06270)5246 0004 2400 0000 0000 7775 3146 3147 
06300)3150 7473 5600 5627 7173 5714 0756 7335 
06310)0043 1034 4327 5675 4327 2317 7410 0000 
06320)7200 0000 1105 3343 1037 7700 5364 2032 
06330)5324 2343 5324 4343 1013 1376 7620 5742 
06340)2013 5541 0212 0000 1375 7040 3375 7140 
06350)3037 1375 7440 6014 7640 1377 1126 3152 
06360)5743 4343 5763 0611 7040 3037 6016 0106 
06370)7450 5322 1123 3066 5721 0000 4557 4144 
06400)1060 7300 3047 3043 1600 7450 5600 3262 
06410)1262 0123 7650 5216 1104 0200 3040 1106 
06420)0262 1040 3040 1263 0262 7650 5231 1440 
06430)3040 2200 7040 1040 3015 1262 7106 7006 
06440)0107 7450 5267 1264 3262 1662 7450 5265 
06450)3262 1304 3014 1117 3057 1415 3414 2057 
06460)5255 5662 6601 0400 6573 1303 5273 1303 
06470)3015 7040 1040 3014 1117 3057 1414 3415 
06500)2057 5276 5201 0043 0037 4765 4770 5201 
06510)4772 4771 4773 4767 5201 5325 7640 5325 
06520)3044 3045 3046 3047 5201 4543 0044 4543 
06530)0040 4544 0044 4453 7510 5342 7040 3262 
06540)3043 1045 7640 4566 4543 2405 4544 0044 
06550)4544 7470 5360 4543 7470 4544 0040 4766 
06560)2262 5353 5201 4766 5201 7153 7004 7335 
06570)6623 5754 6757 5733 6506 6505 7107 6563 
06600)6515 0000 6513 7177 7300 1047 7041 3047 
06610)1046 7040 7430 7101 3046 1045 7040 7430 
06620)7101 3045 5603 6507 1045 7450 1046 7650 
06630)5311 1041 7450 1042 7450 1043 7650 5623 
06640)1040 7041 1044 7450 5273 3203 1203 7500 
06650)7041 3322 1322 1336 7710 5275 1203 7700 
06660)5265 4357 2322 5261 5273 7040 1040 3040 
06670)4723 2322 5270 2223 5623 1040 7700 5304 
06700)1044 7700 5623 5306 1044 7700 1203 7740 
06710)5623 1040 3044 1041 3045 1042 3046 1043 
06720)3047 5623 0000 5754 6534 4751 1044 7750 
06730)5353 7001 3043 1350 3040 4223 0027 2047 
06740)5344 2046 7410 2045 3047 4752 1046 5724 
06750)0027 5571 7173 3044 3045 3046 5344 6511 
06760)7300 1045 7510 7020 7010 3045 1046 7010 
06770)3046 1047 7010 3047 2044 5757 5757 0337 
07000)0377 0212 0375 7777 6564 7001 1040 4324 
07010)7710 4353 3301 3300 3277 3276 1045 3751 
07020)1041 4752 0002 1042 4752 0003 1046 3751 
07030)1041 4752 0003 1042 4752 0004 5263 3274 
07040)1043 3751 1045 4752 0004 1046 4752 0005 
07050)1047 3751 1041 4752 0004 1042 4752 0005 
07060)1043 4752 0006 1301 3045 1300 3046 1277 
07070)3047 4301 3047 5604 2224 2216 0000 2400 
07100)5343 7072 2050 4451 4747 2047 5701 1041 
07110)7650 4566 1040 7041 7001 4324 7700 4353 
07120)4750 4301 5723 6401 7010 1044 3044 1124 
07130)0045 1041 7700 7040 3050 1045 7450 5746 
07140)7710 4451 1041 7450 5746 5724 6520 7335 
07150)7261 7256 7200 6506 7300 1043 7041 3043 
07160)1042 7040 7430 7101 3042 1041 7040 7430 
07170)7101 3041 5753 6225 1050 7710 4451 5773 
07200)7035 7450 5600 3254 3253 1257 3255 7100 
07210)1254 7010 3254 1253 7420 5220 7100 1256 
07220)7010 3253 2255 5210 1254 7010 3255 1600 
07230)7041 1252 3254 1255 7100 1654 3654 2254 
07240)7004 1253 1654 3654 7420 5600 2254 2654 
07250)5600 5246 7102 1743 7100 2400 6161 7764 
07260)7751 0000 3200 3254 1260 3255 7410 4527 
07270)7100 1042 1046 3256 7004 1045 1041 7420 
07300)5304 3045 1256 3046 7200 1254 7004 3254 
07310)1200 7004 3200 2255 5267 1254 3046 1200 
07320)3045 5661 7004 3335 2255 5267 1335 3045 
07330)1200 3046 1254 3047 5661 6226 4775 4366 
07340)1045 7450 1047 7450 1046 7650 5363 1045 
07350)7104 7710 5360 4527 7140 1044 3044 5347 
07360)4776 4366 5735 3044 5735 6757 7340 1045 
07370)7510 7041 7710 4765 5766 5571 7173 0110 
07400)4407 6274 0000 1045 7710 4566 1044 7510 
07410)7020 7010 3270 7430 2270 7000 1267 3271 
07420)3272 3273 1275 7450 1276 7650 5265 4407 
07430)0274 3270 1270 0000 7240 1044 3044 1044 
07440)7041 1270 7640 5261 1045 7041 1271 7640 
07450)5261 1046 7041 1272 7500 7041 7001 7700 
07460)5536 4407 6270 0000 5227 3044 5536 3015 
07470)0002 2000 0000 0000 0000 0000 0000 7503 
07500)4613 3407 7560 1133 4327 1060 4327 1031 
07510)4327 1035 4327 5316 4545 4551 1066 1116 
07520)7640 5314 1016 7640 5322 6212 5757 7513 
07530)3032 1032 7006 7006 4350 4557 7004 4350 
07540)7012 7010 4350 4350 7200 1077 4551 5727 
07550)7544 0356 1113 4551 1032 5750 0007 0120 
07560)0000 6211 1411 6201 5760 0000 6211 3410 
07570)6201 5765 6211 3776 6201 5777 0004 3063 

# JSW 0000
# START 00200
