#!/usr/bin/env os8
# v3d/fotp.sv

# Segment 0: 14 pages
12000)4777 0005 5200 4776 1775 3774 1373 3021 
12010)1372 4771 1370 7650 5324 2021 5210 1372 
12020)3020 1373 3021 1020 4771 1367 7640 5242 
12030)7326 1021 7440 1366 7650 2021 1020 4771 
12040)7640 5322 2021 5223 1420 7650 5252 1201 
12050)1020 5220 1765 7640 5261 1202 3765 1202 
12060)3764 1775 7440 5274 1763 0362 7640 5273 
12070)1761 0360 7640 1772 0357 3775 1356 3025 
12100)1775 7440 4755 3023 4754 1372 3022 1422 
12110)7450 5753 4755 3024 1025 3317 5752 0000 
12120)4751 7320 4751 7246 4751 7240 3360 3366 
12130)5333 3000 2366 1760 7450 5352 1000 7500 
12140)5331 7200 2360 1366 7450 5327 1130 4447 
12150)7330 3711 2200 3506 4303 3200 7000 0017 
12160)0100 7644 0400 7643 7604 7601 0006 7726 
12170)7701 3230 7605 7770 4122 7600 3641 0200 
12200)1422 1377 3030 1430 7700 5350 6202 4424 
12210)1400 0000 0001 5352 6201 1611 7140 1776 
12220)6211 7420 1375 7630 5354 7326 3020 6201 
12230)1420 7650 5236 1020 1374 5226 7346 0020 
12240)1374 7041 3021 1025 1373 1021 3025 7040 
12250)1025 3011 7040 3012 1412 3411 2021 5254 
12260)6211 1772 0374 7106 7004 3347 1022 3020 
12270)2020 1371 1020 3030 1347 7450 1420 7640 
12300)5305 1370 3420 1370 3430 7201 1030 3020 
12310)2021 1767 0366 7640 5322 1420 7041 1422 
12320)7650 5270 1021 7041 3027 1020 3765 1764 
12330)1363 3030 1422 1363 3020 1420 7041 1430 
12340)7650 2347 1025 3035 3346 5762 0000 0000 
12350)4761 7433 4761 7300 4761 7472 1067 4527 
12360)4526 3711 2400 7646 7600 4123 0010 7644 
12370)5200 0003 7643 0200 0400 7700 0002 7757 
12400)7240 1035 3010 6201 1410 3352 1410 3350 
12410)1410 3346 2010 1410 7041 3034 1010 7001 
12420)3026 1426 6211 7650 5313 1027 3347 3351 
12430)1022 7410 1345 1377 3345 1026 1376 3036 
12440)1036 1034 3344 1375 3021 1345 4774 1373 
12450)7450 5336 1372 7450 5267 1371 7041 3343 
12460)1036 6201 4774 6211 1343 7640 5272 2021 
12470)5245 2351 7200 2347 5232 1351 7640 1376 
12500)1770 0376 6201 7640 1744 6211 7440 5767 
12510)1344 3026 7410 2026 6201 1426 7041 1350 
12520)3350 2026 2352 5221 6211 1366 1035 3035 
12530)1346 7640 5200 1765 3025 5764 1021 1363 
12540)7510 5244 5271 0000 0000 0000 0000 0000 
12550)0000 0000 0000 7640 5367 1411 7141 1021 
12560)7640 5367 1411 0006 4043 2117 0400 2600 
12570)7644 0077 7753 7726 3230 7770 0004 0005 
12600)3032 4777 2776 1775 0374 7650 1034 6201 
12610)7640 1436 6211 7440 3773 1372 3021 7040 
12620)1026 3010 1371 3011 1370 3020 6201 1410 
12630)6211 3420 1420 2020 3411 2021 5226 1767 
12640)1366 7650 5251 1767 3765 1764 3763 1762 
12650)3761 1760 1366 7650 5257 1760 3757 3335 
12660)1775 0356 1755 7450 5302 7700 1354 4753 
12670)5303 7450 5752 3030 1755 7700 1030 7041 
12700)1751 7650 2335 1755 7710 1372 1350 4747 
12710)1775 7006 0346 7640 5745 1755 7750 1744 
12720)7470 5332 4743 4742 0004 4255 0000 7610 
12730)2741 4740 7200 1335 5737 0000 5213 3000 
12740)3461 3531 0200 3433 7600 4420 0400 4200 
12750)4265 2550 2510 4400 0004 2347 0100 4260 
12760)7604 4257 7603 4256 7602 4255 2600 7601 
12770)4261 4254 7774 7666 0020 7644 2346 3325 
13000)7650 5350 1377 0377 7104 7006 7006 3033 
13010)1032 7041 3344 1344 0377 7650 1344 7106 
13020)7006 3030 1376 3241 1775 7450 5350 1374 
13030)3242 1642 0373 3642 1775 4772 1030 4771 
13040)0003 4255 0000 5770 1767 3766 4765 4764 
13050)1032 7161 1242 7660 5770 3037 1241 3327 
13060)1763 3307 1032 7100 1033 7420 3032 7430 
13070)2037 7041 1033 7112 7012 7012 1362 3305 
13100)4761 7410 5760 6202 4424 0000 0000 0000 
13110)5757 1307 1033 3307 7330 1305 3325 4761 
13120)7410 5760 2756 6202 4423 0000 0000 0000 
13130)5755 1327 1033 3327 1037 7650 5262 1775 
13140)4772 4771 0004 4255 0000 5754 4765 2753 
13150)5752 4241 2510 3531 4251 4034 3527 4023 
13160)3476 3624 0020 2550 4502 3461 7666 3530 
13170)4265 0200 3433 7770 7757 7600 4255 7400 
13200)0000 3030 1030 4777 0012 0000 5776 1205 
13210)7440 5600 7410 7001 1025 3224 1025 1375 
13220)3025 1030 4777 0001 0000 5213 1224 5600 
13230)7402 7104 1021 7030 3030 1430 7420 4242 
13240)0374 5630 0000 7012 7012 7012 5642 7402 
13250)7440 1373 0374 1373 4772 5647 7402 3313 
13260)4771 7410 5770 1367 4766 7410 3354 1354 
13270)7650 5656 1313 4275 5656 0000 3312 1312 
13300)6046 6041 5301 7200 1312 1365 7640 5675 
13310)1364 5276 0000 7402 6031 5314 4771 7410 
13320)5770 6036 0363 1377 5713 0000 1762 4341 
13330)7000 7640 5761 1760 4341 7240 7650 5761 
13340)5725 0000 7006 7700 5741 2341 6201 1436 
13350)7041 6211 1757 5741 0001 1053 5744 3530 
13360)7644 2510 7643 0177 0012 7563 3600 0217 
13370)3476 3624 3256 0240 0077 7600 4251 0200 
13400)3270 1670 7004 7204 1217 3223 2270 2270 
13410)1670 2270 2270 7112 7012 7010 1377 3011 
13420)1011 3012 1376 7402 1375 3021 1412 3411 
13430)2021 5226 5670 0000 3261 1261 1374 3267 
13440)1331 7710 5245 1373 3667 6201 1372 3771 
13450)1370 3767 1366 3765 1364 3763 6211 1261 
13460)5633 0000 7200 1023 3667 3267 5661 0000 
13470)0000 4261 4762 7000 7330 3761 1327 7650 
13500)1331 7750 5306 3331 4760 7573 2757 4332 
13510)4756 1755 7012 7620 5322 3755 4760 7273 
13520)1354 4753 1761 7700 5752 6203 5751 0000 
13530)0000 0000 0000 1331 7750 5732 6202 4423 
13540)5410 4600 0001 5750 3331 5732 1217 3416 
13550)4243 7605 2000 3256 0215 7644 3667 3354 
13560)3711 7642 3624 0204 3400 0203 5604 0202 
13570)6213 0201 1200 0200 7646 7400 1377 4177 
13600)0000 3223 1377 6034 7041 1223 7650 6031 
13610)5600 6032 1376 4775 1223 1374 4775 1373 
13620)4775 2200 5600 0000 0000 1372 4200 5231 
13630)5235 1371 4200 5624 7410 7040 3770 2224 
13640)5624 0000 1767 3766 6201 1765 3305 1364 
13650)3765 1763 3306 1362 3763 1761 3307 1360 
13660)3761 1757 3310 1356 3757 6211 5641 0000 
13670)1766 3767 6201 1305 3765 1306 3763 1307 
13700)3761 1310 3757 6211 5667 0000 0000 0000 
13710)0000 0000 7300 1755 3754 2755 1353 3021 
13720)1711 6201 4752 6211 1351 7450 5341 1350 
13730)3344 1344 4747 2021 1344 7640 5320 2311 
13740)5711 1373 4746 5745 0000 3506 3256 3247 
13750)0045 7733 3230 7700 4022 3354 5200 7605 
13760)3471 7602 5602 7601 6213 7600 3530 7666 
13770)7642 0220 0203 0215 0100 3275 0336 0200 
14000)0000 3221 1377 3021 1221 4776 7440 4775 
14010)1374 1021 7640 5216 1373 4772 2021 5204 
14020)5600 0000 0000 4771 7372 1370 4767 1366 
14030)4772 1222 3765 5764 4771 7412 1363 5226 
14040)4771 7360 5225 1762 7640 5303 4771 7457 
14050)1022 1361 3022 1022 4767 1360 3012 2012 
14060)1412 7450 5275 3030 1430 0412 7650 5257 
14070)1357 4772 1412 4772 5260 1366 4772 1222 
14100)3765 2027 5246 1760 7650 1756 7710 1723 
14110)7640 5314 1323 5755 4771 7520 1366 4772 
14120)4771 7550 0000 0000 7644 0004 0326 7643 
14130)1000 0303 7644 1000 0317 0000 0000 0000 
14140)0000 0000 0000 0000 0000 0000 0000 0000 
14150)0000 0000 0000 0000 0000 2106 2347 0257 
14160)4122 0005 2346 4261 2510 3354 0215 4000 
14170)4265 3711 3256 0256 0003 3247 3230 7770 
14200)0000 3777 1776 7010 7630 5213 1775 0374 
14210)7650 5600 2773 1777 4772 3031 1775 0374 
14220)7650 5235 1371 4770 7040 3031 4767 1366 
14230)7650 2031 1365 1364 4770 1363 4770 1031 
14240)7640 5762 5600 7200 3761 4760 7340 4760 
14250)7505 4760 7254 7402 5253 0000 0000 0000 
14260)0000 0000 0000 0000 0000 4757 1776 0356 
14270)7650 5755 4754 4760 7612 4767 7200 1363 
14300)4770 4303 5753 0000 1752 7450 5332 1351 
14310)3030 1430 7700 5332 6202 4423 1410 4600 
14320)0001 5750 1717 7140 1747 7420 1346 7630 
14330)5745 7410 7330 3761 3744 3007 5703 0000 
14340)0000 0000 0000 0000 3527 4247 7700 4602 
14350)2120 7757 7600 2710 3532 4040 0100 3461 
14360)3711 3531 3150 0215 0331 7765 7447 3313 
14370)3256 0277 4000 3354 0200 7644 7643 4021 
14400)0000 1377 3211 1776 7450 5600 4775 4774 
14410)0002 4255 0000 3211 4773 2200 1211 5600 
14420)4200 5772 3301 1371 4200 5772 7041 1301 
14430)7640 4272 1770 1017 1367 3030 1366 3011 
14440)1367 3021 1411 3430 2030 2021 5242 1770 
14450)7650 5254 1765 3430 4257 2764 5763 0000 
14460)1007 0362 3267 6202 4451 4210 1400 0000 
14470)5772 5657 0000 1301 7650 5672 4761 7263 
14500)5760 0000 0000 7201 1770 7500 5332 3200 
14510)1200 1017 3341 1034 7041 7001 7500 5336 
14520)3030 2036 6201 1436 6211 3741 2341 2200 
14530)5334 4257 7200 5702 2030 5321 7240 3030 
14540)5324 0000 0000 0000 0127 1101 0714 4621 
14550)0000 0000 0000 0000 0000 0000 0000 0000 
14560)4036 3711 0007 3150 3531 7666 4254 7774 
14570)1404 0004 4251 3461 0200 3433 7600 4255 
14600)4204 4204 5777 5776 0000 2204 7300 6201 
14610)1775 0374 1254 3300 1775 6211 7006 7620 
14620)5230 1276 3675 2221 2275 2274 5221 7240 
14630)3273 1670 6201 3671 6211 1667 6201 3667 
14640)6211 2267 2270 2271 2272 5231 1377 6201 
14650)3773 1372 3771 6211 6202 4770 1273 1375 
14660)7640 5604 1367 3766 1365 3764 5604 4600 
14670)5000 7200 7400 0000 7774 3300 7410 7400 
14700)7402 4701 0000 1355 6214 3350 6201 1775 
14710)0374 7450 5316 7112 7010 5350 6201 1354 
14720)7106 7004 0333 1316 3325 0000 1752 7000 
14730)3325 1327 3752 0070 1752 7400 1335 1353 
14740)7640 5346 1325 3752 2354 5316 7240 1354 
14750)0000 5702 4735 1400 0001 6203 0000 0000 
14760)0000 0000 0000 0000 3076 7000 3002 1026 
14770)4702 7746 6403 7745 0070 7777 2003 2000 
15000)1114 1405 0701 1440 7745 0000 1114 1405 
15010)0701 1440 5245 0000 2331 2324 0515 4005 
15020)2222 1722 0000 0114 2205 0104 3140 0530 
15030)1123 2423 5500 0617 2420 4026 7101 0000 
15040)0522 2217 2240 2205 0104 1116 0740 1116 
15050)2025 2440 0411 2205 0324 1722 3145 0000 
15060)0522 2217 2240 2205 0104 1116 0740 1725 
15070)2420 2524 4004 1122 0503 2417 2231 4500 
15100)0522 2217 2240 2722 1124 1116 0740 1725 
15110)2420 2524 4004 1122 0503 2417 2231 4500 
15120)1617 4022 1717 1554 4023 1311 2020 1116 
15130)0755 0000 0522 2217 2240 1716 4011 1620 
15140)2524 4004 0526 1103 0555 2313 1120 2011 
15150)1607 5500 0522 2217 2240 1716 4017 2524 
15160)2025 2440 0405 2611 0305 5523 1311 2020 
15170)1116 0755 0000 2523 0540 2011 2040 0617 
15200)2240 1617 1655 0611 1405 4023 2422 2503 
15210)2425 2205 0440 1116 2025 2445 0000 1617 
15220)4006 1114 0523 4017 0640 2410 0540 0617 
15230)2215 7200 0201 0440 1116 2025 2440 0411 
15240)2205 0324 1722 3145 0000 0201 0440 1725 
15250)2420 2524 4004 1122 0503 2417 2231 4500 
15260)0405 1405 2405 2340 2005 2206 1722 1505 
15270)0440 1716 1431 4017 1640 1116 2025 2440 
15300)0405 2611 0305 4007 2217 2520 4061 0000 
15310)0301 1647 2440 1001 1604 1405 4015 2514 
15320)2411 2014 0540 0405 2611 0305 4004 0514 
15330)0524 0523 4500 1722 1107 1116 0114 4004 
15340)1122 0503 2417 2231 4020 2205 2305 2226 
15350)0504 4500 1517 2516 2440 1605 3024 4017 
15360)2524 2025 2440 2617 1425 1505 7200 0000 
15370)0000 0000 0000 0000 0000 0000 0000 0000 

# JSW 6403
# START 14600
