#!/usr/bin/env os8
# v3d/futil.sv

# Segment 0: 6 pages
10000)3542 0070 0062 0100 0116 1104 0125 0137 
10010)0227 0242 0256 0276 0267 0322 0341 0651 
10020)0404 1051 0717 0417 0435 0456 1030 1003 
10030)1071 0501 0523 0543 0564 0604 0622 0636 
10040)0361 0673 0671 0706 0704 1037 0150 0171 
10050)0207 0742 0764 1163 1172 1201 1124 1135 
10060)1151 1212 1114 1405 0701 1440 2311 1607 
10070)1405 5527 1722 0440 0317 1515 0116 0400 
10100)1114 1405 0701 1440 1525 1424 1155 2717 
10110)2204 4003 1715 1501 1604 0000 2417 1740 
10120)1501 1631 4042 5142 2300 1114 1405 0701 
10130)1440 0617 2215 0124 4027 1722 0400 0201 
10140)0440 0617 2215 0124 4023 3116 2401 3000 
10150)1617 4006 1114 0540 0617 2240 0356 0356 
10160)0256 5710 0501 0405 2240 2205 2125 0523 
10170)2400 0201 0440 0356 0356 0240 5016 1724 
10200)4001 4023 0126 0540 0611 1405 5100 0201 
10210)0440 1005 0104 0522 4050 1617 2440 0140 
10220)1417 0104 4015 1704 2514 0551 0000 1114 
10230)1405 0701 1440 1124 0515 4024 1740 2310 
10240)1727 0000 1114 1405 0701 1440 2305 0122 
10250)0310 4015 1704 1106 1105 2200 0201 0440 
10260)2305 0122 0310 4023 3116 2401 3000 1114 
10270)1405 0701 1440 1517 0405 0000 2305 2440 
10300)1720 2411 1716 4006 1714 1417 2705 0440 
10310)0231 4001 4003 2254 4002 0104 4023 3116 
10320)2401 3000 1625 1502 0522 4017 2240 1114 
10330)1405 0701 1440 2305 2440 1720 2411 1716 
10340)0000 1625 1502 0522 4017 2240 1114 1405 
10350)0701 1440 1725 2420 2524 4017 2024 1117 
10360)1600 1114 1405 0701 1440 4256 4240 1116 
10370)4016 0115 0540 5006 1114 0540 1722 4004 
10400)0526 1103 0551 0000 1114 1405 0701 1440 
10410)1517 0411 0631 4006 1722 1501 2400 2022 
10420)1707 2201 1540 1722 4010 0122 0427 0122 
10430)0540 2022 1702 1405 1500 0201 0440 2405 
10440)2215 1116 0124 1722 4011 1640 2311 1607 
10450)1405 4001 2207 2515 0516 2400 2405 2215 
10460)1116 0124 1722 4002 0506 1722 0540 1405 
10470)0701 1440 1625 1502 0522 4011 1620 2524 
10500)0000 0201 0440 2405 2215 1116 0124 1722 
10510)4011 1640 1525 1424 1120 1405 4001 2207 
10520)2515 0516 2400 1114 1405 0701 1440 0310 
10530)0122 0103 2405 2240 1116 4005 3020 2205 
10540)2323 1117 1600 1114 1405 0701 1440 2523 
10550)0540 1706 4042 5042 4011 1640 0530 2022 
10560)0523 2311 1716 0000 1114 1405 0701 1440 
10570)1720 0522 0124 1722 4011 1640 0530 2022 
10600)0523 2311 1716 0000 2417 1740 0605 2740 
10610)4251 4223 4011 1640 0530 2022 0523 2311 
10620)1716 0000 0411 2611 2311 1716 4002 3140 
10630)6040 0124 2405 1520 2405 0400 2516 1316 
10640)1727 1640 1001 1604 1405 2240 1601 1505 
10650)0000 1625 1502 0522 4017 2240 1114 1405 
10660)0701 1440 0522 2217 2240 1720 2411 1716 
10670)0000 1617 1655 0601 2401 1440 2205 0104 
10700)4005 2222 1722 0000 1617 1655 0601 2401 
10710)1440 2722 1124 0540 0522 2217 2200 1704 
10720)0440 2324 0122 2440 1417 0340 1722 4003 
10730)1725 1624 4011 1640 1723 5770 4015 1704 
10740)1106 3100 0201 0440 0104 0422 0523 2357 
10750)1726 0522 1401 3140 5017 0424 4003 1715 
10760)1501 1604 2351 0000 0201 0440 0104 0422 
10770)0523 2357 1726 0522 1401 3140 5015 1704 
11000)1106 3151 0000 0122 0725 1505 1624 4005 
11010)3020 2205 2323 1117 1640 1617 2440 2405 
11020)2215 1116 0124 0504 4002 3140 4251 4200 
11030)1114 1405 0701 1440 0411 0711 2400 0425 
11040)1520 4010 0116 0414 0522 4005 2222 1722 
11050)0000 1625 1502 0522 4017 2240 1114 1405 
11060)0701 1440 0415 1704 0540 1720 2411 1716 
11070)0000 1114 1405 0701 1440 2523 0540 1706 
11100)4047 4017 2240 4200 1501 2020 0504 4015 
11110)1704 0555 5525 2305 4014 1123 2454 4016 
11120)1724 4004 2515 2000 1617 4005 2222 1722 
11130)4015 0523 2301 0705 2300 1116 2025 2440 
11140)0522 2217 2240 1716 4015 0523 2301 0705 
11150)2300 0517 0640 1716 4002 0124 0310 4011 
11160)1620 2524 0000 0516 2405 2240 0601 1114 
11170)0504 0000 0314 1723 0540 0601 1114 0504 
11200)0000 0425 1520 4006 1114 0540 1726 0522 
11210)2225 1600 0405 0225 0700 3457 7775 2017 
11220)2705 2223 2214 3457 7775 1116 2405 0722 
11230)2214 3457 7776 1120 1727 2223 2214 3457 
11240)7776 2321 2224 0000 2214 3457 7776 2422 
11250)1107 0000 2214 3457 7776 0124 0116 0000 
11260)2214 3457 7776 2227 2401 2005 2214 3457 
11270)7776 1117 2005 1600 2214 3457 7776 0323 
11300)0200 0000 0216 3657 7776 0323 0300 0000 
11310)0216 3657 7776 0323 0400 0000 0216 3657 
11320)7776 0201 2403 1000 2326 0000 7766 0303 
11330)1400 0000 2001 2717 7541 0000 4341 1524 
11340)2326 3457 7767 1503 2011 2000 2326 3457 
11350)7763 0301 1520 0000 2326 3457 7763 0520 
11360)1103 0000 2326 3457 7762 7252 7300 7305 
11370)7440 5316 7666 1234 4000 7235 7241 2423 

# Segment 1: 16 pages
12000)0000 4306 7104 7130 7700 5222 1777 0376 
12010)7640 1375 6201 3774 6211 1773 0372 7041 
12020)1246 7640 4771 2341 5242 1370 3250 1250 
12030)1367 7650 5242 1650 7001 7110 3650 1250 
12040)1366 5226 3341 1727 7104 7130 6203 5600 
12050)0000 1365 4306 1364 7640 5301 2341 5302 
12060)3763 3762 1773 7450 5301 7106 7004 3773 
12070)1773 0361 7640 5301 1777 7450 5301 0360 
12100)7640 4771 3341 7000 6203 5650 0000 1377 
12110)6201 3757 1756 3340 1755 7450 4771 6211 
12120)3330 1727 7440 5706 6202 4740 0110 6400 
12130)0000 5336 7240 3341 1727 5706 6203 5754 
12140)0000 0000 4040 1517 0400 4002 0104 4002 
12150)1417 0313 0000 1130 2213 0077 0100 0014 
12160)7770 7707 6450 6447 7776 0003 0004 1175 
12170)6543 2433 7603 6401 0000 6537 0200 6403 
12200)3263 1777 3264 6211 1264 1376 3265 1665 
12210)7700 1375 3774 1340 3353 3253 3266 7001 
12220)3341 5773 1372 3010 1410 3266 1410 3267 
12230)1410 3270 1410 2771 5237 7200 1370 3271 
12240)1310 3252 6211 1665 0367 3665 6202 1264 
12250)4766 0003 0000 0000 4765 1252 3341 1340 
12260)3353 6203 5764 7607 0001 7760 0000 0000 
12270)0000 0000 1266 7650 5261 1277 4315 0232 
12300)1252 7041 1341 3311 1264 6202 4766 0004 
12310)2266 0000 4765 3266 5261 0000 3352 1352 
12320)6211 3753 2353 1353 1363 7650 5335 1352 
12330)7041 1715 7650 5321 5715 6202 4663 4210 
12340)6600 0001 4765 1340 3353 2341 2253 5715 
12350)3266 4765 0000 0000 7650 5362 1067 4527 
12360)4526 5367 1067 0600 0204 2433 0520 7770 
12370)0425 0022 0024 2441 2430 0212 7757 1154 
12400)1777 0776 7640 5212 1775 7000 6041 5206 
12410)6046 7200 7330 1776 0777 7650 5231 1230 
12420)6211 7450 1774 6201 7650 5231 1775 4773 
12430)0000 6203 5772 0000 7200 1233 6203 3771 
12440)5770 6201 1767 3254 1766 3255 6203 5765 
12450)0004 0405 2640 7540 2331 2300 0000 0004 
12460)0526 1103 0540 7540 2331 2300 0000 3264 
12470)1766 3265 6211 3764 6203 7240 3763 5765 
12500)4005 2222 1722 4003 1704 0523 7240 0625 
12510)2411 1440 2605 2223 1117 1640 7540 6070 
12520)0200 4060 6000 1201 1600 0605 0200 1501 
12530)2200 0120 2200 1501 3100 1225 1600 1225 
12540)1400 0125 0700 2305 2000 1703 2400 1617 
12550)2600 0405 0300 4061 6300 4061 6400 4061 
12560)6500 5367 1411 3057 6400 1600 0026 0025 
12570)0455 0454 5042 2315 2266 3762 0052 0053 
12600)0116 0440 2401 0440 1123 3240 0403 0140 
12610)1215 2340 1215 2040 1117 2440 1617 2040 
12620)0314 1440 0315 0140 0315 1440 1101 0340 
12630)0223 2740 2201 1440 2224 1440 2201 2240 
12640)2224 2240 2315 0140 2332 0140 2316 1440 
12650)2313 2040 2320 0140 2316 0140 2332 1440 
12660)1723 2240 1014 2440 1521 0140 1521 1440 
12670)2303 1440 1525 3140 0426 1140 1615 1140 
12700)2310 1440 0123 2240 1423 2240 2303 0140 
12710)0401 0440 0423 2440 2327 0201 0420 2332 
12720)0420 1103 0403 1540 2301 1540 0314 0140 
12730)1720 2240 6000 2313 1716 0000 6001 1117 
12740)1600 0000 6002 1117 0600 0000 6003 2322 
12750)2100 0000 6004 0724 0600 0000 6005 2224 
12760)0600 0000 6006 2307 2400 0000 6007 0301 
12770)0600 0000 6010 2220 0500 0000 6011 2223 
13000)0600 0000 6012 2222 0200 0000 6014 2203 
13010)0600 0000 6016 2203 0300 0000 6020 2003 
13020)0500 0000 6021 2023 0600 0000 6022 2003 
13030)0600 0000 6024 2020 0300 0000 6026 2014 
13040)2300 0000 6030 1303 0600 0000 6031 1323 
13050)0600 0000 6032 1303 0300 0000 6034 1322 
13060)2300 0000 6035 1311 0500 0000 6036 1322 
13070)0200 0000 6040 2406 1400 0000 6041 2423 
13100)0600 0000 6042 2403 0600 0000 6044 2420 
13110)0300 0000 6045 2423 1300 0000 6046 2414 
13120)2300 0000 6100 0420 1100 0000 6101 2315 
13130)2000 0000 6102 2320 1400 0000 6103 0520 
13140)1100 0000 6104 0315 2000 0000 6105 2354 
13150)0315 2000 6106 0305 2000 0000 6107 2320 
13160)1700 0000 6110 2203 2426 0000 6111 2203 
13170)2214 0000 6112 2203 2210 0000 6113 2203 
13200)0326 0000 6114 2203 0702 0000 6115 2203 
13210)1403 0000 6116 2203 0302 0000 6130 0314 
13220)3205 0000 6131 0314 2313 0000 6132 0314 
13230)1705 0000 6133 0314 0102 0000 6134 0314 
13240)0516 0000 6135 0314 2301 0000 6136 0314 
13250)0201 0000 6137 0314 0301 0000 6201 0304 
13260)0640 6060 6211 0304 0640 6160 6221 0304 
13270)0640 6260 6231 0304 0640 6360 6241 0304 
13300)0640 6460 6251 0304 0640 6560 6261 0304 
13310)0640 6660 6271 0304 0640 6760 6202 0311 
13320)0640 6060 6212 0311 0640 6160 6222 0311 
13330)0640 6260 6232 0311 0640 6360 6242 0311 
13340)0640 6460 6252 0311 0640 6560 6262 0311 
13350)0640 6660 6272 0311 0640 6760 6203 0304 
13360)1106 6060 6213 0304 1106 6160 6223 0304 
13370)1106 6260 6233 0304 1106 6360 6243 0304 
13400)1106 6460 6253 0304 1106 6560 6263 0304 
13410)1106 6660 6273 0304 1106 6760 6204 0311 
13420)1624 0000 6214 2204 0600 0000 6224 2211 
13430)0600 0000 6234 2211 0200 0000 6244 2215 
13440)0600 0000 6254 2311 1624 0000 6264 0325 
13450)0600 0000 6274 2325 0600 0000 6550 0606 
13460)2324 0000 6551 0620 1116 2400 6552 0620 
13470)1103 1400 6553 0620 0317 1500 6554 0620 
13500)1014 2400 6555 0620 2324 0000 6556 0620 
13510)2223 2400 6557 0620 1123 2400 6561 0615 
13520)1704 0500 6563 0615 2202 0000 6564 0615 
13530)2220 0000 6565 0615 0417 0000 6567 0620 
13540)0520 0000 0000 0000 0000 0000 0000 0000 
13550)0000 0000 0000 0000 0000 0000 0000 0000 
13560)0000 0000 0000 0000 0000 0000 0000 0000 
13570)0000 0000 0000 0000 0000 0000 0000 0000 
13600)0000 0000 0000 0000 0000 0000 0000 0000 
13610)0000 0000 0000 0000 0000 0000 0000 0000 
13620)0000 0000 0000 0000 0000 0000 0000 0000 
13630)0000 0000 0000 0000 0000 0000 0000 0000 
13640)0000 0000 0000 0000 0000 0000 0000 0000 
13650)0000 0000 0000 0000 0000 0000 0000 0000 
13660)0000 0000 0000 0000 0000 0000 0000 0000 
13670)0000 0000 0000 0000 0000 0000 0000 0000 
13700)0000 0000 0000 0000 0000 0000 0000 0000 
13710)0000 0000 0000 0000 0000 0000 0000 0000 
13720)0000 0000 0000 0000 0000 0000 0000 0000 
13730)0000 0000 0000 0000 0000 0000 0000 0000 
13740)0000 0000 0000 4040 0253 0000 4540 0253 
13750)0000 1216 3040 4000 1405 0100 0000 0614 
13760)0401 0000 0601 0404 0000 0623 2502 0000 
13770)0604 1126 0000 0615 2514 0000 0601 0404 
14000)1500 0623 2401 0000 0615 2514 1500 2516 
14010)2523 0504 2324 0122 2405 0616 1720 0000 
14020)0605 3011 2400 0620 0125 2305 0603 1401 
14030)0000 0616 0507 0000 0616 1722 1500 2324 
14040)0122 2406 2324 0122 2404 1201 0300 0000 
14050)0114 1640 0124 3040 3024 0140 0000 0104 
14060)0430 4052 5400 1404 3040 5254 0000 2422 
14070)0120 6440 2422 0120 6340 2305 2430 4040 
14100)2305 2402 4040 1223 0140 4000 1223 2240 
14110)4000 0521 0705 1405 0100 1605 1424 0724 
14120)0114 0000 0007 0006 0005 0004 0003 0002 
14130)0001 0000 4756 4757 4747 4732 4731 4744 
14140)4717 0170 0160 0150 0140 0130 0120 0110 
14150)0100 0070 0060 0050 0040 0030 0020 0010 
14160)0000 4677 4677 4677 4677 4677 4677 4710 
14170)4707 4677 4677 4675 4670 4701 4701 4701 
14200)4075 4040 0000 0023 1501 2313 4075 4000 
14210)0102 2356 4014 1703 4075 4000 2520 2005 
14220)2240 7540 0000 1417 2705 2240 7540 0000 
14230)0617 2215 0124 4075 4000 0411 2205 0324 
14240)1722 3100 1706 0623 0524 4075 4000 1517 
14250)0405 4075 4000 0303 0272 0000 1704 2440 
14260)4014 1703 4075 4000 7240 4040 0000 4040 
14270)0317 2205 4023 0507 2372 4040 4000 1417 
14300)1713 2520 4006 0111 1405 0400 0620 2000 
14310)4001 2440 0000 4040 2301 4075 4000 5440 
14320)4012 2327 4075 4000 2205 1456 4014 1703 
14330)4075 4000 2001 0313 0504 0000 0123 0311 
14340)1100 1723 5770 0000 2516 2311 0716 0504 
14350)0000 1703 2401 1400 1706 0623 0524 0000 
14360)2301 2605 0000 1617 2215 0114 0000 1725 
14370)2420 2524 4075 4000 2004 2000 0214 1703 
14400)1340 7540 0000 5140 4000 1417 0104 0000 
14410)0203 0400 0231 2405 0000 0611 1414 0522 
14420)4075 4000 1005 0104 0522 7200 5440 1605 
14430)3024 4027 1722 0440 7540 0000 5440 1417 
14440)0104 4026 4000 5440 0556 2056 4022 0521 
14450)4704 0000 4040 1726 1431 2340 2324 0122 
14460)2440 0214 1703 1340 1405 1607 2410 0000 
14470)3023 6264 6000 0243 0244 0245 0246 0272 
14500)0274 0275 0276 0277 0300 0333 0334 0335 
14510)0257 0241 0253 0255 0273 0336 0337 0211 
14520)0233 0375 0376 0215 0212 0000 3415 3511 
14530)3517 5352 3423 3400 3436 4221 3163 5000 
14540)2163 4600 3621 0255 0255 0255 0255 0255 
14550)0255 0255 0255 0255 0255 0255 0255 0255 
14560)0237 0312 0344 0345 0310 0274 0271 4024 
14570)0253 0253 0253 0216 0311 5106 5101 5101 
14600)5101 5104 5105 0526 0500 0425 0400 1411 
14610)1400 0611 0600 1720 2303 2324 2315 2717 
14620)2700 1517 1500 2310 2305 2300 2722 1106 
14630)0530 0317 0300 0000 0400 0400 0603 0603 
14640)0632 0632 1024 1024 1000 0600 2216 2600 
14650)2000 2000 2417 2417 1210 1602 1602 2400 
14660)1713 5160 0204 0204 2205 2722 0516 0530 
14670)0314 0317 0300 0000 2200 2403 0204 5160 
14700)1004 0204 0204 2001 2000 0123 0100 1723 
14710)1723 3023 3000 2516 2500 2311 2300 1703 
14720)1700 0203 0200 0231 0231 2004 2004 0620 
14730)0600 0411 0400 0000 0740 0740 0740 0740 
14740)0740 0740 0740 0740 0737 0737 0737 0737 
14750)0737 0737 0737 0737 0737 0737 0736 0736 
14760)0736 0736 0736 0736 3621 2163 3511 5352 
14770)3436 3423 3400 3415 3517 4214 4400 3155 
15000)4332 4336 4341 4470 4344 4345 4351 4410 
15010)4412 4374 4306 4235 2001 2000 0123 0100 
15020)1723 3023 1625 1600 0000 2620 2620 2537 
15030)2537 2634 2617 2514 2514 2436 2436 2436 
15040)2436 2436 2436 2436 2436 2436 2001 0123 
15050)1723 3023 1625 1625 1625 1625 1625 1625 
15060)1625 1625 0000 2465 4007 1731 4007 2512 
15070)5722 5722 2513 2524 0214 0200 1704 0303 
15100)0300 1005 1000 0102 0100 2205 2200 2315 
15110)2605 0404 0617 0600 1725 1700 0522 0500 
15120)1706 2520 1417 2405 0405 0415 1517 0611 
15130)1501 1500 0000 1200 1200 1236 1400 1400 
15140)1455 1455 1250 1250 1243 1243 1321 1216 
15150)1360 1277 1277 1314 1314 1530 1530 1225 
15160)1265 1272 1215 1347 1215 1307 1232 1221 
15170)1221 1134 0754 0754 1624 1624 1647 1647 
15200)1642 1660 1663 1705 1121 1612 1666 1701 
15210)1636 1636 2310 2300 1417 1400 0000 1655 
15220)1655 1656 1656 0620 0600 2004 2000 1703 
15230)1700 0000 1632 1632 1633 1633 1634 1634 
15240)1706 1700 2301 2300 1417 1400 1617 1600 
15250)0000 1674 1674 1676 1676 1675 1675 1677 
15260)1677 0114 2001 1617 0000 1620 1621 1622 
15270)4354 4363 4360 4405 4306 4351 4374 2516 
15300)2500 0622 0600 2417 2400 0102 0100 1501 
15310)1500 1505 0000 2004 2004 2071 2071 2074 
15320)2074 2066 2066 2015 2016 2016 2071 2071 
15330)2074 2074 2066 2066 2220 2220 2015 0241 
15340)0246 0253 0255 0257 0252 0250 0251 0215 
15350)0000 0271 0270 0267 0266 0265 0264 0263 
15360)0262 0261 0260 0204 0213 0242 0247 0250 
15370)0240 0215 0000 3154 3154 3154 3154 3154 
15400)3154 3154 3154 3154 3154 3154 3154 3154 
15410)3154 3154 3150 3151 5213 5213 5213 5213 
15420)5213 5213 5213 5213 5213 5213 5256 5257 
15430)5243 5246 5240 5234 5235 5317 5323 5307 
15440)5314 5307 5310 0255 0254 0272 0256 0240 
15450)0215 0000 3723 3730 3736 3737 5723 5726 
15460)5726 0250 0251 0242 0247 0215 0000 6227 
15470)6226 6233 6232 6222 5470 5415 5537 0253 
15500)0255 0250 0000 0314 0302 0323 0303 0306 
15510)0322 0324 0304 0000 5527 5533 5522 5523 
15520)5525 5512 5516 5506 0222 0225 0000 4063 
15530)4100 0233 0227 0402 0605 0735 0755 1215 
15540)2015 2011 1605 1673 1611 1631 1654 2430 
15550)1617 2642 2473 5722 5240 5222 5736 5267 
15560)5307 5412 5414 5541 5547 6047 1156 3731 
15570)2214 2215 2415 2416 2342 2116 2022 2101 
15600)3103 2502 2254 2312 2351 0545 0564 4116 
15610)0000 7777 0251 4774 4773 4772 0305 0322 
15620)0000 4771 4263 0324 0305 4772 0233 0331 
15630)0310 0330 0331 0310 0313 0311 0000 1032 
15640)7450 5254 1370 7640 5767 7330 4766 0377 
15650)7450 5254 4200 5245 4772 0233 0315 0331 
15660)0000 5612 0000 0000 1663 3304 2263 1663 
15670)3305 1026 7650 1023 7650 5663 1662 1365 
15700)7650 5663 4772 0256 0000 0000 0000 1304 
15710)0364 4763 3304 1305 0364 1304 3026 5663 
15720)4775 7122 0000 1762 7650 1761 7650 5767 
15730)4332 5722 0000 6201 3741 6211 4760 0001 
15740)5732 5741 6211 4775 6167 7200 4775 7053 
15750)7200 4775 7070 4775 7002 4775 6772 0000 
15760)7000 7600 7617 7300 0077 7722 4660 5160 
15770)7524 5452 5443 7315 5431 5000 0132 0177 

# Segment 2: 29 pages
00000)0000 0000 0000 0000 0000 0000 0000 0000 
00010)4030 6627 6656 0000 0000 0000 5712 0000 
00020)0000 0000 0000 0000 0000 0000 0000 0000 
00030)0000 0000 0000 0000 0000 0000 0000 0000 
00040)0000 0000 0000 3621 0000 0000 0000 0000 
00050)0000 0000 0000 0000 0000 0000 0000 0000 
00060)0000 0000 0000 0001 7577 0000 0000 0200 
00070)0000 0000 0000 0000 0000 7777 7777 0000 
00100)7607 0001 7700 7400 7540 7563 7600 7700 
00110)7760 7770 7777 0007 0015 0020 0077 0177 
00120)0200 0377 7000 4000 3605 3600 5054 1761 
00130)5044 4161 2561 2565 5125 3621 5061 3436 
00140)3400 3445 5000 3762 3767 5261 3105 5400 
00150)5600 5606 0520 2156 6170 6163 3122 5272 
00160)5713 3000 3073 5362 3502 2752 3557 3643 
00170)4141 0203 0204 0454 5712 6305 5610 7000 
00200)3102 6046 3047 4530 4545 3052 1174 3015 
00210)1377 3007 4523 4472 0050 5204 4570 5235 
00220)4556 5234 2046 5230 4567 4602 0031 4573 
00230)4567 4663 0010 4573 4361 3047 5204 4570 
00240)5244 4776 4565 0070 4532 4775 4532 4532 
00250)4562 7240 5235 1043 5261 1012 1374 3010 
00260)4553 3270 4353 4532 3045 4562 4670 5246 
00270)0000 4353 4554 5306 4353 4554 0120 7640 
00300)1072 0106 3072 4554 0117 1072 3072 5336 
00310)3536 7240 3270 4353 7001 3025 3026 3001 
00320)2270 4773 7100 1025 1072 3072 7004 1026 
00330)1071 0113 3071 1536 7650 5247 4530 4546 
00340)0067 4527 3440 5245 7240 3270 4570 5336 
00350)4776 4560 5317 0000 4570 5753 4776 4361 
00360)5753 0000 4560 2047 5761 4562 7240 3050 
00370)1025 4555 5761 6141 0032 4200 6200 6130 
00400)4547 7410 4573 4527 7540 1026 4540 1025 
00410)4540 1027 3015 1030 3016 1377 3254 4527 
00420)4050 1026 7700 5226 4776 1114 4532 1375 
00430)3031 3032 4774 1027 4550 2254 5227 1016 
00440)3030 1015 3027 1377 3254 4551 4531 2254 
00450)5245 4526 0251 5571 0000 7200 3052 6201 
00460)4526 0277 1373 3010 3021 2021 4553 7450 
00470)5275 7040 1254 7640 5265 1021 4541 4525 
00500)4310 1372 1016 4541 1020 7640 5315 4344 
00510)4533 1021 3010 4553 4524 4530 5717 0204 
00520)0000 3344 6214 1325 3341 6201 1102 7740 
00530)5336 6212 4507 0010 1120 3102 6213 1320 
00540)3520 6201 1344 5771 0000 1102 7710 5744 
00550)1107 3102 4770 0610 0000 0027 7610 5744 
00560)1106 3305 1364 3345 4573 0562 0032 0522 
00570)7607 0201 2066 5530 6040 0012 6141 7771 
00600)4557 1377 5210 1044 7740 4573 4247 1376 
00610)3327 2010 2010 1410 4775 1410 3022 4534 
00620)3061 3060 1103 4727 2057 2022 5217 2021 
00630)5211 5245 4247 1410 4775 1410 3060 1410 
00640)3061 1410 4261 2021 5233 3052 5571 0000 
00650)1043 3325 1365 3326 4327 7000 4557 2052 
00660)5647 0000 3040 3045 4530 1061 0113 3037 
00670)1326 7650 1111 1037 1111 3037 4546 0056 
00700)4525 4264 4561 5312 4725 1326 7510 5322 
00710)7640 4533 4566 2040 5317 4530 5661 2037 
00720)5302 5264 7240 3037 5312 0000 0000 0000 
00730)4556 5727 4567 4702 0031 4573 7130 7001 
00740)3326 1012 1374 7110 3022 1022 1373 3010 
00750)4553 3325 2327 5727 4327 4573 1326 3365 
00760)1325 3043 1022 3042 5772 0000 7540 0777 
00770)0330 7607 1600 4763 3075 6154 0661 5744 
01000)7240 4777 6212 5776 6213 5775 1022 7700 
01010)5216 2001 2022 1374 3030 5230 4773 4525 
01020)4277 4530 2046 5572 7240 4777 7240 3001 
01030)1372 3235 1101 4552 0002 0000 0000 5206 
01040)1235 3077 6211 3771 1774 3354 1354 1770 
01050)3355 1513 0113 3037 1354 7640 1755 6201 
01060)3353 4773 1235 4540 4526 0255 1236 7040 
01070)1235 4540 4533 1236 7041 4540 4527 4050 
01100)1236 7041 4537 4525 4403 1037 4543 4527 
01110)6056 1355 1367 4766 4533 1353 7440 4542 
01120)5221 4340 7201 3100 1354 3101 3077 3047 
01130)3050 1025 6212 5765 4340 6601 6212 5764 
01140)0000 4777 1025 3353 1026 3354 1740 2340 
01150)3355 4552 0001 0000 0000 0000 4573 1355 
01160)5740 6203 5475 6211 2200 2467 3407 6374 
01170)0017 6400 0025 2731 1404 2272 2222 3676 
01200)4525 4376 1077 4540 4530 3052 2046 5572 
01210)4556 5215 4567 5073 0037 4573 4525 2512 
01220)5204 4525 4204 1075 5203 4525 4242 1073 
01230)7041 5203 4525 4415 1074 5203 4525 4256 
01240)4546 0067 5257 4525 4324 4546 0056 5257 
01250)4525 4210 1056 1377 3056 4546 0053 1050 
01260)7700 5204 4525 2142 5204 4525 4216 4546 
01270)0061 5204 4525 4223 4546 0064 5204 4525 
01300)4230 1042 1376 3010 4553 4524 5204 4525 
01310)4247 1044 1375 5303 4525 4367 1017 1374 
01320)5303 4525 4203 1076 3021 1176 3010 1111 
01330)3022 5342 4527 5440 2022 5342 4530 4533 
01340)7240 5327 4553 4540 2021 5332 5204 4525 
01350)2457 4527 4050 1101 4541 4526 0251 5204 
01360)4525 2450 5204 0000 4773 7012 7010 0113 
01370)4531 5763 4562 7011 5274 5270 4777 0600 
01400)6213 4777 3001 4525 4253 4353 4525 4317 
01410)4776 4530 4525 4267 1375 3037 4553 3022 
01420)4553 3023 4774 1022 4540 4526 0255 4774 
01430)1023 7104 0106 1022 1112 4540 2001 5245 
01440)1000 7450 5773 3010 5277 4527 5440 2037 
01450)5216 4530 4533 7240 5214 6213 4772 4525 
01460)4422 4353 4525 4426 4553 4531 4776 4525 
01470)4436 4776 4553 7650 5277 4525 4443 4530 
01500)4525 4452 4553 7450 5773 3022 4530 4533 
01510)4533 1022 4541 4533 4553 3023 1023 4771 
01520)1023 0103 4540 4533 4776 4533 4776 5302 
01530)4770 2052 4525 2500 4530 7201 3010 4530 
01540)1010 1367 7650 5773 1010 4541 4525 4200 
01550)4553 4524 5337 0000 4530 4525 4313 1366 
01560)3010 4553 4771 4776 5753 3360 6400 7720 
01570)0544 1363 2050 1204 7000 7774 1766 2000 
01600)2046 5572 4556 5211 2046 4573 4567 5110 
01610)0060 4573 4556 5217 4567 5260 0004 4573 
01620)7350 7001 3053 5200 4556 5231 4567 5222 
01630)0007 4573 7344 7001 3017 5200 4560 1025 
01640)3075 5200 4560 1025 7041 3073 5200 4556 
01650)5254 4567 5211 0005 4573 7001 3020 5200 
01660)4565 0062 5200 4565 0065 5200 4556 5273 
01670)4567 5237 0011 4573 7346 7001 7001 3044 
01700)5200 4560 1025 3074 5200 4560 1025 3033 
01710)1026 3034 5200 4547 7410 5777 1025 7450 
01720)1026 7650 5572 1174 3015 4523 4522 0342 
01730)5323 4570 5323 4556 5323 1376 7640 5323 
01740)5572 0000 1051 7640 5353 4546 0056 4527 
01750)7240 4535 5741 1061 0121 3056 4546 0053 
01760)5347 0000 1761 2361 4535 5761 0000 4553 
01770)4540 5766 7450 1377 7001 7110 7262 0402 
02000)4247 1236 3237 1111 1377 3233 4556 5221 
02010)2046 4573 4567 5276 0014 4573 1230 3237 
02020)5206 4560 1025 0075 7041 3036 4307 4561 
02030)5245 0075 1036 7402 5245 4776 7000 7000 
02040)4775 4561 5774 4540 4530 4347 5227 0000 
02050)3051 1065 3057 1066 3060 1067 3061 1062 
02060)3304 1063 3305 1064 3306 5647 7240 3051 
02070)5300 4565 0057 5300 1062 3304 4565 2104 
02100)7344 1556 3347 5747 0000 0000 0000 0000 
02110)3025 3026 1044 7740 5327 1057 3025 1304 
02120)3031 3032 4773 1372 3031 3032 4771 7101 
02130)1306 3031 7004 1305 3032 4773 1061 3031 
02140)1060 3032 4770 1026 7700 5571 5707 0000 
02150)4566 2025 5747 2026 5747 5571 0000 6211 
02160)1410 6201 5756 0000 0117 1120 4536 5763 
02170)5650 6000 0400 5662 2473 1741 4547 7650 
02200)6211 1102 7700 3513 6201 4500 0110 6127 
02210)0001 5213 5572 7710 4573 4573 4777 1376 
02220)1200 3360 4556 5232 2046 5775 4567 5300 
02230)0025 5774 4557 1021 3037 1175 3013 5242 
02240)2024 5246 1176 3011 1076 3024 2010 2010 
02250)1410 4357 7041 3413 2010 2037 5240 4773 
02260)1175 3010 1021 3037 1061 3366 1060 3365 
02270)1057 3364 1025 3031 1026 3032 5302 4772 
02300)2024 5306 1176 3011 1076 3024 4561 5333 
02310)4357 1410 7640 5333 2037 5277 4343 1021 
02320)3037 1111 3027 4771 4561 5770 4540 4566 
02330)2037 5336 4530 4343 4772 5260 4533 2027 
02340)5324 4530 5321 0000 1366 3061 1365 3060 
02350)1364 3057 1031 3025 1032 3026 5743 0000 
02360)6211 0411 6201 5757 0000 0000 0000 4745 
02370)2473 1741 2147 2107 2015 2011 7546 2047 
02400)4560 1025 7410 1777 3210 4500 4210 7200 
02410)0000 5214 3050 5572 7710 4573 4573 4556 
02420)5231 3277 2046 5230 1277 4567 5013 0021 
02430)4573 1042 1376 3010 4553 3277 4557 1021 
02440)3210 1410 4775 1410 3060 1410 3061 1410 
02450)3037 1174 3015 3045 4545 4546 0056 4527 
02460)7240 4523 4522 0340 5251 4570 5251 1277 
02470)4567 5013 0011 4573 2210 5241 5572 0000 
02500)0000 4561 4573 7240 3050 5700 4567 5443 
02510)7423 5774 4563 4564 4773 4300 1025 4555 
02520)4566 2037 5306 5274 1037 7650 5274 4300 
02530)1074 4555 4566 2037 5324 5274 4346 4300 
02540)1035 4555 4566 2037 5336 5274 0000 4352 
02550)5324 5746 0000 4563 1035 1105 7640 2352 
02560)5752 0000 4526 0240 5761 0000 4527 4040 
02570)5765 2651 2665 5727 5722 6154 5045 3042 
02600)4557 1021 3076 1176 3011 2010 2010 1410 
02610)6211 3411 6201 2010 2021 5205 5572 1104 
02620)3331 1104 1035 7700 5227 7040 4304 1035 
02630)1331 4304 4777 5221 1061 7010 7200 1037 
02640)7010 7730 4573 1045 2045 7110 7670 5275 
02650)7240 1056 3056 7344 3045 1035 7106 7006 
02660)3035 1035 0103 4554 4555 2056 2045 5255 
02670)1037 7650 5776 4777 5243 4775 1035 4555 
02700)4566 2037 5273 5273 0000 0116 2045 5316 
02710)4554 4555 1037 7640 5704 5776 4543 3045 
02720)4775 1045 4555 4566 2037 7000 7240 3045 
02730)5704 0000 1025 4535 1026 4535 1027 4535 
02740)4526 0256 1030 4535 4532 1041 1374 7710 
02750)5344 5731 0000 1752 2352 3331 4560 1022 
02760)2022 3731 7200 2331 1026 0113 3731 2331 
02770)1025 3731 5752 4446 7765 2500 2474 2546 
03000)0000 4534 1044 7450 5210 7700 5777 1073 
03010)4263 1057 3054 4227 5776 1044 7710 1073 
03020)1061 0121 1241 3056 4554 2200 5600 0000 
03030)1054 7041 1257 7650 5261 2050 5244 4500 
03040)4210 7200 0000 5775 1054 3242 1054 3257 
03050)3050 1054 7421 7200 4500 0210 7200 7777 
03060)5627 2227 5627 0000 1061 0103 7104 1060 
03070)7006 7006 5663 0000 1070 3057 1071 3060 
03100)1072 3061 4561 4573 5673 0000 1705 2305 
03110)3014 1414 4540 1414 0113 4527 5660 1414 
03120)4540 5705 0000 4564 1035 0116 4543 3045 
03130)4567 5350 0022 4563 4567 5367 0022 1035 
03140)0116 1045 3045 4563 4567 5367 0022 5343 
03150)7240 3046 1045 2322 5722 0000 4540 4533 
03160)4554 4363 5755 0000 7041 4537 4533 4554 
03170)4542 4533 4554 4535 5763 2414 2213 3200 
03200)4777 3056 7240 1044 7640 5300 6213 4776 
03210)3361 1077 7001 3054 6211 1414 3357 1414 
03220)6201 3360 1360 7112 7010 0113 7041 1060 
03230)7640 5261 1061 0106 7161 1357 7460 5261 
03240)7010 3357 1360 0107 7450 7130 1107 1357 
03250)7710 5261 1357 7041 4362 1057 7640 5775 
03260)5774 7200 1360 0107 7450 7130 1373 4362 
03270)2361 5214 1000 7450 5775 1372 3014 5302 
03300)6213 4771 6211 1414 3361 1414 3360 1414 
03310)1077 3054 1414 6201 3357 1360 7450 5775 
03320)0103 7106 7006 1360 7004 0117 7041 1056 
03330)7510 5345 3360 1360 7041 1357 7750 5302 
03340)1057 7040 3362 1362 1361 7710 5775 1360 
03350)7410 1357 1054 3054 2362 5351 5774 0000 
03360)0000 0000 0000 4544 7110 1054 3054 5762 
03370)7443 2050 0004 0100 3013 3026 2000 3063 
03400)0000 4253 7000 7700 7770 0000 5600 0000 
03410)4253 7700 7770 0000 5607 0000 4253 7400 
03420)7760 0000 5615 0000 3300 1300 7710 1114 
03430)4532 1300 7510 7041 4236 5623 0000 4253 
03440)6030 7634 7766 0000 5636 0000 0117 4253 
03450)7766 0000 5645 0000 3300 3301 7300 1300 
03460)1653 7420 5266 2301 3300 5256 7300 1301 
03470)4531 2253 1653 7640 5255 1300 4531 5653 
03500)0000 0000 0000 1035 1104 7640 5702 4563 
03510)5303 0000 4327 4777 2045 5340 5711 0000 
03520)4327 4207 2045 7410 5717 4533 5340 0000 
03530)3357 7001 0061 7040 3045 1357 0121 5727 
03540)7240 1056 3223 6211 1456 0103 4544 7012 
03550)3357 1623 0103 6201 7112 7012 5335 0000 
03560)2061 5757 7100 1060 1376 0113 3060 7430 
03570)1120 1057 3057 5757 5756 7647 7771 2163 
03600)0000 1600 2200 4205 5600 0000 3341 6211 
03610)1741 6201 2341 4221 1276 0116 7650 5605 
03620)5207 0000 3276 1276 4544 4231 1276 4231 
03630)5621 0000 0116 7450 5631 1377 7500 1107 
03640)4526 0340 5631 0000 7450 1035 3275 1643 
03650)2243 3012 6211 1412 6201 7450 5273 7161 
03660)1275 7640 5252 1012 1643 3243 6211 1643 
03670)3243 6201 5643 2243 5643 0000 0000 3022 
03700)1022 3023 3025 3026 3027 1376 3030 1375 
03710)3021 4564 7240 1016 3016 4351 4351 4351 
03720)4341 7200 5320 1023 7640 5346 2023 5320 
03730)2022 4573 3030 1374 3021 5317 7240 3046 
03740)5676 0000 4563 4567 5444 0005 1035 0116 
03750)5741 0000 4341 4543 3421 4341 1421 3421 
03760)2021 5751 0000 7106 7006 7006 5762 0000 
03770)7112 7012 7012 5767 0030 0025 2326 7740 
04000)0000 1600 2200 3220 1600 2200 3221 4312 
04010)5231 3035 4567 5523 0003 1035 4536 4567 
04020)0000 0000 1035 7410 1377 6211 3415 6201 
04030)5207 4303 5261 4526 0334 4303 5257 1015 
04040)3341 6211 1741 6201 4536 7240 1015 3015 
04050)4312 5235 3303 4526 0334 1303 5211 4526 
04060)0334 4530 5600 4526 0222 4530 1174 3016 
04070)1016 7041 1015 7650 5207 4563 4536 5270 
04100)4526 0225 5261 0000 1015 7041 1174 7640 
04110)2303 5703 0000 6031 5313 4534 6031 5313 
04120)6036 0117 7450 5313 1376 7450 5712 2312 
04130)1375 7500 5337 1374 7500 1373 1372 1371 
04140)5712 0000 1370 6211 3415 6201 1174 3016 
04150)1035 3021 4563 4564 1035 1105 7640 2341 
04160)5741 0000 4526 0260 5761 0000 0000 0000 
04170)0215 0375 7743 7740 0035 0002 7601 0240 
04200)0000 1017 1377 3204 7402 3204 4562 4604 
04210)5600 4400 3400 4214 0000 4540 4533 4221 
04220)5614 0000 7200 4776 5262 4775 4774 7004 
04230)4773 2600 7776 4776 5256 5257 4554 0372 
04240)7650 5244 4527 1140 4554 0117 3771 4554 
04250)0120 7640 1061 0106 1771 4540 5621 4554 
04260)0370 5255 4554 0370 7450 5226 0120 7650 
04270)5275 4773 2726 7776 7001 3036 4554 4543 
04300)7010 3771 4554 7110 0120 7450 5333 7620 
04310)5767 1366 3765 4764 4763 1771 7104 3771 
04320)7430 1115 3332 4764 4763 4554 0362 1332 
04330)4761 7742 0000 1360 3765 4764 4763 4764 
04340)4763 4764 4763 2765 2765 4554 7010 7630 
04350)4763 4554 0362 4761 7766 0000 0000 0000 
04360)2616 4433 0016 4467 4456 4471 2662 4405 
04370)0777 4522 0400 4475 6243 4523 4547 1212 
04400)0000 4540 4533 4777 5600 1376 3271 4256 
04410)4315 4256 4315 4256 4315 4256 7410 5224 
04420)4554 0375 7650 4267 1374 3271 4256 4267 
04430)4256 4267 5246 0000 3035 1035 7550 5246 
04440)1633 7740 5246 1035 4267 5773 7200 1036 
04450)7640 5773 4275 2730 7776 5772 0000 1322 
04460)7104 3322 2271 2271 7420 2256 5656 0000 
04470)4275 0000 7776 2036 5667 0000 1675 2275 
04500)3314 1675 2275 3256 6211 1714 6201 4535 
04510)2314 2256 5304 5675 0000 0000 4554 0371 
04520)4267 5715 0000 0000 1370 3344 6211 1744 
04530)6201 7450 5723 7041 4554 7650 5342 1367 
04540)1344 5325 7001 4275 0000 7775 5773 0000 
04550)4554 0122 1366 7450 5747 2347 1366 7640 
04560)2347 5747 2323 2757 7607 1123 1000 0004 
04570)2732 0010 4257 4256 2656 0160 2640 4600 
04600)0000 7200 4554 0377 7450 5254 1103 3023 
04610)4776 4775 4774 3757 7775 1023 7450 5240 
04620)7700 5231 4525 3743 4554 0117 4775 4773 
04630)5600 4525 3746 4554 0113 4775 4773 5243 
04640)4527 4340 4772 4771 4527 5460 4554 0370 
04650)7640 4526 0253 5600 4776 4567 4121 0010 
04660)4554 0367 4567 4140 0020 4554 0113 7001 
04670)4775 4774 4015 7775 5600 7340 5270 7344 
04700)5270 4771 7104 4774 4046 7776 5313 1366 
04710)4774 4057 7774 4554 0113 4531 5600 4554 
04720)0370 7650 5337 4771 1365 7700 5277 4771 
04730)7001 7001 4775 4774 4067 7775 5342 4764 
04740)1200 4533 4772 5600 4525 3751 5242 4554 
04750)0370 7640 5277 4764 1424 5600 7001 3023 
04760)7340 5211 1103 3000 6265 7774 0004 0170 
04770)0100 6251 6277 3407 4475 6257 6243 0600 
05000)0000 3244 1244 0121 7112 7010 4541 4526 
05010)0255 1244 4544 7010 0377 4525 2521 4526 
05020)0255 1244 0113 1231 7540 1376 1232 4541 
05030)5600 0000 0000 0000 1633 2233 3543 4534 
05040)6212 5775 2041 5633 0000 7200 4233 0215 
05050)4233 0212 3041 5644 0000 1654 2254 4261 
05060)5654 0000 0121 7450 1035 3277 1277 4567 
05070)4516 0056 1277 1104 7710 5320 4233 0000 
05100)5661 4233 0244 5661 4244 5661 4233 0240 
05110)1041 1111 7450 5661 7500 5311 7200 5306 
05120)4233 0336 1324 5276 0100 0000 3367 6031 
05130)5363 6034 0117 1374 7450 5360 1110 7440 
05140)5343 2367 6032 1373 7440 5350 6032 5725 
05150)7001 7640 5363 6032 3052 4526 0220 5571 
05160)3052 5506 0516 1367 7640 5327 5725 0000 
05170)7506 4245 6223 0002 7775 2400 7770 0036 
05200)0000 3025 3026 3777 4564 7410 4563 4567 
05210)5350 0043 5236 1035 1376 3261 1261 7041 
05220)1242 7750 4573 1242 3031 3032 4775 1261 
05230)3031 3032 4777 5206 7240 3046 1777 7650 
05240)4573 5600 0010 4265 3261 5223 4265 0116 
05250)4543 3261 4265 0116 1261 5244 1374 4261 
05260)5206 0000 1373 3242 5661 0000 4772 4573 
05270)1035 5665 0000 1175 3010 3021 7240 3022 
05300)7240 3036 4771 4564 4567 5442 7772 4573 
05310)4326 1175 3010 5672 4563 1025 5277 1025 
05320)3023 4563 5301 4326 4563 5276 0000 1022 
05330)3410 2036 5335 1025 3023 1026 0113 3410 
05340)1023 3410 1025 7040 1023 3410 7240 1021 
05350)3021 5726 0000 4544 0116 4532 4554 0116 
05360)4532 5752 0000 6211 1416 6201 3035 5762 
05370)0244 5727 2552 0010 0002 6000 7520 5650 
05400)0000 3032 3031 3002 4765 5207 5272 4567 
05410)5476 7775 4573 4764 4573 1040 3003 1040 
05420)1111 7700 3003 1003 7041 1002 7710 5256 
05430)1003 1002 7650 5357 1002 1366 3246 1002 
05440)7650 5246 4551 3026 4551 3025 7402 1026 
05450)3032 1025 3031 4551 3002 5223 4764 5337 
05460)1002 4550 1031 4550 1032 4550 1003 3002 
05470)4765 5337 4567 5502 0011 4777 7240 1016 
05500)3016 1025 3031 1026 3032 5354 6211 1776 
05510)6201 5334 1027 3025 1030 5335 1033 3025 
05520)1034 5335 7614 4554 5334 1074 5334 1061 
05530)3025 1060 5335 1057 3025 3026 5301 4764 
05540)7410 4573 1002 4550 1200 4550 4200 4573 
05550)4551 3200 4551 3002 4765 5213 5341 1040 
05560)1111 7650 2200 5600 5616 5624 4766 5677 
05570)5667 5650 5662 6040 6000 0300 7666 5200 
05600)0000 6211 3407 6201 2007 5600 0000 7360 
05610)1007 3007 6211 1407 6201 5606 0000 1035 
05620)1377 7640 2216 5616 0000 7300 4563 4564 
05630)1376 3011 3040 6211 1411 6201 2040 7450 
05640)5246 7041 1035 7650 5624 5233 2224 5624 
05650)0000 7100 1031 1025 3025 7004 1032 1026 
05660)3026 5650 0000 3001 4775 4250 5662 0000 
05670)1026 0032 3026 1025 0031 3025 5667 0000 
05700)1026 7040 0032 1026 3026 1025 7040 0031 
05710)1025 3025 5677 0000 7240 3022 4327 4567 
05720)5445 0010 4573 4563 1025 5315 5713 0000 
05730)4564 4216 5335 4774 5727 4547 4573 4773 
05740)7410 7240 3046 5727 0000 7200 1057 3054 
05750)4772 7610 5744 1057 4540 4525 2145 4530 
05760)5744 5424 1057 5022 0440 1052 1057 5036 
05770)0067 3453 3027 2552 5200 6126 5336 7530 
06000)0000 4312 7710 4326 1026 7010 3026 1025 
06010)7010 3025 2341 5221 1001 7010 7630 4341 
06020)5600 7420 5231 7300 1031 1027 3027 7204 
06030)1032 1030 7010 3030 1027 7010 3027 5204 
06040)0000 1240 3200 4312 7700 4326 7430 4573 
06050)2001 1027 1031 3027 7204 1030 1032 7510 
06060)5264 7120 3030 5272 7200 1031 7041 1027 
06070)3027 7100 1025 7004 3025 1026 7004 3026 
06100)2341 7410 5214 1027 7004 3027 1030 7004 
06110)3030 5251 0000 3001 1026 7710 4341 3030 
06120)3027 1377 3341 7100 1032 5712 0000 1031 
06130)7141 3031 1032 7040 7430 7101 3032 2001 
06140)5726 0000 1025 7141 3025 1026 7040 7430 
06150)7101 3026 2001 5741 0000 3341 1341 2341 
06160)3057 7200 5754 0000 6211 3456 6201 5763 
06170)0000 6211 1456 6201 5770 0000 6202 7747 
06200)0000 4556 5211 7240 1015 3015 1021 5610 
06210)4025 7240 1016 3010 3036 4553 4567 5460 
06220)0006 5215 1036 7640 5203 5600 7344 7001 
06230)1036 5214 4235 4235 5215 0000 4553 1105 
06240)7650 5203 5635 0000 4554 0122 7106 7006 
06250)5643 0000 4554 7112 7010 0113 5651 0000 
06260)3243 1243 7104 1243 5657 0000 1665 2265 
06270)4535 4251 4676 4111 7777 5665 4475 0000 
06300)4554 0113 4543 4527 6052 5677 0000 6211 
06310)1777 6201 0120 7650 5322 1411 7450 5322 
06320)3410 5315 6211 1776 6201 0113 7041 3775 
06330)1512 0374 7112 7012 1373 7041 1775 7041 
06340)3772 1771 0370 7110 7124 3771 4767 4610 
06350)0000 0027 7610 5706 1106 3766 1365 3764 
06360)5706 6437 6451 6443 0545 4573 0505 7607 
06370)6777 7746 5032 0106 0600 5031 7666 7726 
06400)7610 7240 3021 6211 3777 6201 1120 3776 
06410)4775 4774 2021 5773 6211 1506 6201 0372 
06420)7450 5271 3101 1101 4552 0001 7201 5351 
06430)1226 3100 1106 3010 4553 3025 4553 3026 
06440)4553 3027 4553 3030 1025 7640 7240 3021 
06450)6211 3771 3770 1410 7640 5271 1410 3771 
06460)1410 3770 1771 7640 5271 1367 3771 1366 
06470)3770 6211 1765 0120 3020 7001 0765 7650 
06500)5307 1030 7450 1364 3030 7001 5330 1763 
06510)0362 7650 5320 1761 7041 3073 7240 5331 
06520)1763 0360 7650 5332 1030 7450 1357 3030 
06530)7001 3044 6201 2021 5773 3046 6046 4530 
06540)1030 7650 7240 3022 1030 7450 1357 3030 
06550)5756 6046 5755 0002 0005 1156 1026 2326 
06560)0040 7646 1000 7644 1404 7643 1300 0423 
06570)2465 2464 0017 0201 6600 6306 7745 6400 
06600)0000 1512 7004 7700 5600 1512 0377 1376 
06610)3307 1307 3346 1307 3336 1412 7450 5600 
06620)3010 1412 7450 5215 6201 3410 6201 5221 
06630)4303 5207 7240 1015 3015 1015 3016 4247 
06640)4563 1035 1104 7710 4247 5207 7402 4656 
06650)0210 4532 4656 0210 5647 5033 0000 4030 
06660)3035 1035 1252 7450 5313 1253 7650 1254 
06670)1105 7640 1035 3254 1254 7650 5313 5212 
06700)5400 7564 0002 0215 0000 4112 4534 6202 
06710)4651 4573 7000 7000 0000 4125 5313 7000 
06720)0000 5134 5762 0000 0200 7000 0000 6535 
06730)7000 0000 6550 7000 0000 0514 6202 5522 
06740)0000 6623 6211 0000 2404 6211 6202 4610 
06750)7400 6201 0000 0000 4014 1116 0540 1726 
06760)0522 0614 1727 0000 4302 0104 4016 2515 
06770)0205 2200 4311 1414 0507 0114 6202 0070 
07000)0000 1023 0377 7112 7430 1376 7106 4775 
07010)5600 0000 0374 3226 1226 0373 7112 7010 
07020)7430 1372 7112 4531 1226 5611 0000 3712 
07030)6212 4452 0013 3713 1711 0107 7450 5305 
07040)6212 4452 0001 0000 7402 1711 6212 4452 
07050)0003 0000 0000 5275 3714 4715 1237 1176 
07060)7620 1126 1323 3724 1724 7110 7041 1322 
07070)3066 2200 1237 3716 1245 3717 1246 3720 
07100)5600 1711 0102 7650 5721 1711 0107 3711 
07110)5241 2713 5600 7600 6201 2723 2717 2507 
07120)2720 2516 2763 2764 2765 2761 3501 6200 
07130)5225 1100 7041 3046 3057 4573 7350 0020 
07140)7440 1141 3020 4540 2057 2046 5331 5577 
07150)0000 3360 1360 7012 7012 7012 0154 4447 
07160)1360 0175 4447 5744 0000 7240 3772 2773 
07170)1374 3775 0004 0104 0174 1363 0020 0076 

# JSW 0400
# START 06400
