#!/usr/bin/env os8
# v3d/bitmap.sv

# Segment 0: 8 pages
12000)5205 5210 1777 7710 5776 4775 0005 0216 
12010)1374 3022 2232 5222 7346 6201 0773 3773 
12020)6211 4772 1771 0370 7640 4772 7400 1367 
12030)3033 5766 7777 0000 7104 1365 3011 1411 
12040)3305 1411 3306 1021 7006 7006 0364 1020 
12050)7006 7006 6201 7006 7004 7430 6221 7112 
12060)3307 1307 7104 1307 1305 3307 1306 7104 
12070)1306 0707 7650 5633 1306 7041 1707 3707 
12100)6214 6211 7640 3763 5633 0000 0000 0000 
12110)0000 2000 0000 0400 0000 0100 0000 0020 
12120)0000 0004 0000 0001 0001 2000 0001 0400 
12130)0001 0100 0001 0020 0001 0004 0001 0001 
12140)0002 2000 0002 0400 0002 0100 0002 0020 
12150)0002 0004 0002 0001 4447 5723 7772 5564 
12160)0000 1134 4447 3420 7407 2107 2200 7617 
12170)0100 7644 2736 7746 2620 0200 3400 7642 
12200)1377 3217 1433 0376 7440 1375 7132 7012 
12210)3336 1433 2033 7450 5774 4773 0001 7001 
12220)5772 1433 3264 2033 7240 3333 3332 1771 
12230)0370 7650 5767 5766 0000 4765 2300 2333 
12240)5300 1332 7640 5634 7100 1336 1364 7420 
12250)3336 7430 2332 7172 7012 7012 1363 3262 
12260)6202 4617 0000 4000 0000 5326 1264 1364 
12270)3264 1362 3333 1263 3334 1240 3300 5235 
12300)5300 5322 5316 1240 3300 1734 0361 7112 
12310)7012 1335 7012 7012 2334 5323 1734 0361 
12320)3335 2334 1734 0360 2234 5634 7710 5772 
12330)2332 5266 0000 0000 0000 0000 0000 0000 
12340)3024 1011 3010 7240 4757 0410 2024 5345 
12350)6211 7040 7440 5737 1010 3011 5737 3540 
12360)0377 7400 3377 1411 0006 3334 2730 2411 
12370)0010 7643 2652 0200 2002 0017 7760 7001 
12400)4273 7041 1332 7640 5777 1776 0264 7650 
12410)5775 3332 4337 3020 1374 3021 4773 5775 
12420)7450 5216 1372 7640 5212 4773 5775 7450 
12430)5212 1372 7450 5225 7500 5302 1374 3031 
12440)4773 5771 3032 4773 5771 1372 7450 5200 
12450)3030 4273 7420 5256 3021 5265 7200 1021 
12460)0370 4767 6211 2021 0040 1031 1032 1332 
12470)3332 1030 5234 0000 1031 7106 7006 7006 
12500)1032 5673 1366 7450 5333 1365 7510 5325 
12510)3031 1031 0364 7640 5325 1031 0363 3020 
12520)4773 5771 1372 7440 5234 7200 1332 7650 
12530)5211 5771 0000 1332 7640 5771 5775 0000 
12540)3025 1762 0361 7450 5737 7006 7004 2025 
12550)7420 5346 7240 1025 7106 7004 5737 1021 
12560)7640 1774 7645 0070 0007 7732 7746 2033 
12570)0017 2661 7600 2234 0200 2200 7644 2670 
12600)0000 0377 7440 5213 4226 5440 0611 1405 
12610)4060 0000 5776 1375 0377 1375 4422 5600 
12620)0000 6046 6041 5222 7200 5620 0000 7200 
12630)6211 1774 1373 7130 3210 1626 7450 5250 
12640)7012 7012 7012 4200 1626 4200 2226 5235 
12650)4772 5626 4226 1157 1740 0522 2217 2200 
12660)5776 4226 0201 0440 1116 2025 2400 5776 
12670)4226 4002 0104 4003 1005 0313 2325 1500 
12700)5776 4226 1617 4011 1620 2524 0000 5776 
12710)1371 3022 4226 0522 2217 2240 1716 4017 
12720)2524 2025 2440 0405 2611 0305 0000 5770 
12730)4226 1617 4057 1141 0000 5776 0000 7332 
12740)3025 3023 3000 6201 7240 3423 6221 7240 
12750)3423 5356 3346 1227 6211 3767 2023 2025 
12760)5343 6211 5736 3027 1416 3030 2371 2056 
12770)2005 2620 3762 0322 0033 0240 2000 0077 
13000)0000 7600 1344 3226 1377 3221 6211 1776 
13010)7450 1375 3776 1601 0374 7450 5245 4773 
13020)0001 0000 7402 1601 4773 0003 7601 0000 
13030)5235 3345 4772 6213 5600 1601 0371 7650 
13040)5770 1601 0374 3601 5223 3251 4773 0012 
13050)5524 0000 0000 7402 1251 3601 5213 0000 
13060)3305 6211 1345 7450 2305 1226 3307 1305 
13070)7106 7006 7006 0374 1345 3345 1345 7120 
13100)1227 7660 5770 6202 4621 0000 6000 0000 
13110)5770 5657 0000 6211 4767 0366 1371 7640 
13120)1365 4764 4764 4764 4767 7710 1363 1362 
13130)0761 7640 5323 1761 1373 7450 5341 1360 
13140)4257 1601 4773 0004 7601 0000 5770 6213 
13150)5712 2600 2540 0301 6001 3401 0400 7643 
13160)4000 3264 0077 0100 3210 0232 0770 3265 
13170)2710 7760 3200 0200 0017 1520 7604 6401 
13200)0000 1377 3264 1376 3262 1263 3220 5600 
13210)0000 0375 3260 6214 1343 3256 6201 2220 
13220)7402 5254 5251 1260 7106 7006 0374 1661 
13230)3661 1260 7112 7012 7010 0374 1662 3662 
13240)1263 3220 2262 2264 5256 1373 4772 4200 
13250)5256 1262 3261 2262 1260 3662 7402 5610 
13260)0000 0000 0000 5220 0000 0000 6214 1343 
13270)3277 6211 1777 0371 1370 3260 1660 7402 
13300)5665 0000 3024 4767 1411 6211 3023 1023 
13310)7106 3023 1023 7064 0366 1365 4422 2027 
13320)1027 0364 7640 5331 1763 7650 1362 7440 
13330)4422 2024 5307 5701 0000 1361 6034 1360 
13340)7650 6031 5734 6203 5757 7700 5743 4765 
13350)0005 2200 7540 7643 7767 0212 7773 7605 
13360)7575 0200 0240 3770 0007 0260 0003 3540 
13370)7757 0017 3057 4200 7400 0377 6000 7600 
13400)7240 3337 1377 3035 1233 3217 1035 0376 
13410)7106 1375 3341 1035 7012 7730 5224 7410 
13420)5232 3217 7240 3011 1374 4773 7640 5242 
13430)2035 5206 2337 7410 5772 4771 4771 4770 
13440)6203 5767 2337 5255 4766 4765 7650 1364 
13450)1763 0364 3762 1361 3022 4760 1357 3336 
13460)1035 1356 4422 1336 0355 7112 7010 1354 
13470)4422 1336 0353 1354 4422 1354 4422 1354 
13500)4422 1352 4422 3027 1351 4773 7650 5322 
13510)1350 3337 1347 4746 1347 4746 1350 4746 
13520)2337 5312 4771 7201 0336 7640 4771 1336 
13530)1345 7650 4760 2336 5260 5230 0000 0000 
13540)0000 7402 5740 2020 5341 0041 3301 7772 
13550)7774 7764 0240 0007 0260 0070 0270 7700 
13560)3600 3210 3770 7644 0020 3265 3000 7605 
13570)3112 3762 2701 2337 6400 6201 0004 7770 
13600)0000 1035 1377 3224 1370 7640 5346 1376 
13610)4422 4775 4002 1124 1501 2040 4026 6401 
13620)4040 4006 1105 1404 4060 0000 4362 1370 
13630)7650 5344 4775 4040 4040 4040 6060 6060 
13640)6060 6060 6161 6161 6161 6161 6262 6262 
13650)6262 6262 6363 6363 6363 6363 6464 6464 
13660)6464 6464 6565 6565 6565 6565 6666 6666 
13670)6666 6666 6767 6767 6767 6767 0000 4775 
13700)4040 4040 4040 6061 6263 6465 6667 6061 
13710)6263 6465 6667 6061 6263 6465 6667 6061 
13720)6263 6465 6667 6061 6263 6465 6667 6061 
13730)6263 6465 6667 6061 6263 6465 6667 6061 
13740)6263 6465 6667 0000 4362 5600 1374 3361 
13750)4362 2361 5365 4775 5555 5555 0000 4362 
13760)5211 0000 0000 1373 4422 1372 4422 5762 
13770)0000 0177 0212 0215 7765 2626 0214 4070 

# JSW 6001
# START 12000
