#!/usr/bin/env os8
# /home/vrs/pdp8/Images/os8_v3d_bin_1.0/pal8.sv

# Segment 0: 4 pages
16400)0000 0000 0000 0000 1612 0300 2014 0012 
16410)0000 0000 0000 0000 0000 0000 0000 0000 
16420)0000 0000 0000 0000 0162 2125 0000 2263 
16430)0000 0000 0000 0000 0000 0000 0000 0000 
16440)0000 0000 0000 0000 0000 0000 0000 0000 
16450)0000 0000 0000 0000 0000 0000 0000 0000 
16460)0000 0000 0000 0000 1317 1025 1232 0352 
16470)0000 0000 0000 0000 0000 0000 0000 0000 
16500)0000 0000 0000 0000 5254 0112 0000 6012 
16510)0000 0000 0000 0000 0000 0000 0000 0000 
16520)0000 0000 0000 0000 0162 2126 0000 6142 
16530)0000 0000 0000 0000 0000 0000 0000 0000 
16540)0000 0000 0000 0000 0000 0000 0000 0000 
16550)0000 0000 0000 0000 0000 0000 0000 0000 
16560)1007 0746 2014 0200 0000 0000 0000 0000 
16570)0000 0000 0000 0000 0000 0000 0000 0000 
16600)0000 1076 7041 3043 3060 3045 1045 3057 
16610)4572 1020 7104 7670 5232 1171 0020 3020 
16620)7350 0021 3021 7350 0022 3022 1060 3057 
16630)4541 2060 2045 2043 5206 4777 5600 0000 
16640)1014 4262 3252 1013 3012 1015 4262 3254 
16650)1133 3305 0000 1412 0000 3413 2305 5252 
16660)6201 5637 0000 7100 1776 3013 3254 1013 
16670)2254 7020 1375 7420 5270 7106 1374 3013 
16700)1254 7106 7004 1260 5662 0000 1032 4262 
16710)3326 1326 3336 1013 3012 1012 3014 1031 
16720)4262 3331 1013 3015 1133 3237 0000 1412 
16730)3262 0000 1413 3345 1262 3415 0000 1345 
16740)3414 2237 5327 6201 5705 0000 3057 4773 
16750)1411 7141 1020 7640 5367 1411 7141 1021 
16760)7640 5367 1411 7141 1022 7650 7402 6201 
16770)5745 0000 0000 4257 7576 6040 4303 7000 
17000)0000 3027 7360 1060 3030 7430 5600 1377 
17010)3017 1017 3016 7240 1371 3371 1027 7161 
17020)1030 7470 5361 7110 1027 3033 1033 3057 
17030)4572 1027 3031 1030 3032 1033 7041 1027 
17040)7650 5355 1031 3014 1033 3015 4776 2031 
17050)1031 7141 1032 7620 5304 1031 4775 7630 
17060)5247 5267 1031 7141 1032 7620 5304 1032 
17070)4775 7630 5277 7240 1032 3032 5262 4774 
17100)7240 1032 3032 5247 1032 3014 1027 3015 
17110)4776 1032 3057 4541 7344 1016 3016 1016 
17120)3017 1032 7141 1033 7630 5337 1027 3417 
17130)7240 1032 3417 1032 7001 3027 5213 1032 
17140)7001 3417 1030 3417 7240 1371 3371 7340 
17150)1032 3030 7420 5361 5216 1032 4775 7630 
17160)4774 7300 1416 3027 1416 3030 2371 5216 
17170)5600 0000 0000 0000 6705 6745 6637 2150 
17200)0000 1777 6201 7450 5277 3314 1376 3713 
17210)1314 7112 7010 0375 4301 1374 3713 2313 
17220)1314 1373 0373 7106 7006 7004 3301 1301 
17230)7110 1301 1372 3315 1371 3301 7430 5245 
17240)1715 7112 7012 7012 4251 1715 4251 2315 
17250)5240 0000 1370 0367 1370 3713 2313 2301 
17260)5651 1374 3713 2313 1366 3713 1765 0364 
17270)7112 7012 3301 1314 0363 1301 4301 6203 
17300)5600 0000 2713 1362 7500 5302 1361 2313 
17310)3713 2313 5701 1535 0000 0000 0000 0000 
17320)0000 0000 0000 0000 0000 0000 0000 0000 
17330)0000 0000 0000 0000 4523 1040 5251 5001 
17340)0000 0000 0000 0000 0000 0000 0000 0000 
17350)0000 0000 0000 0000 0520 0451 1266 5246 
17360)0000 0272 7766 0007 0600 7777 0266 0077 
17370)0040 7775 2044 7400 0255 0037 0257 7666 

# Segment 1: 31 pages
00000)0000 0000 0000 0000 4500 2331 2324 0515 
00010)1617 0777 1554 5715 1534 7003 1211 1253 
00020)0000 0000 0000 0200 0000 0000 0000 0200 
00030)0000 0000 0000 0000 0000 0000 0000 1740 
00040)0000 0000 0000 0000 0000 0000 0000 2401 
00050)2323 7776 0200 0000 0000 0000 0000 0000 
00060)0140 0000 0000 0000 0000 0000 0601 0000 
00070)0000 5561 0260 0000 0000 0000 0000 7700 
00100)0330 0306 2123 7760 7761 5136 7525 7502 
00110)0750 0017 0232 1400 7522 0100 0040 7773 
00120)7400 7605 0377 1332 2002 1144 0735 0400 
00130)0260 7730 1450 7774 0215 1032 0211 7563 
00140)1620 5100 4000 4200 5115 0212 5070 5155 
00150)5545 1742 0756 4541 7600 0177 4044 7700 
00160)0007 3200 4147 4062 0352 0240 0600 1740 
00170)7540 1777 4304 5146 0605 0077 0200 3033 
00200)5602 5603 1600 1604 7201 3025 5577 7240 
00210)3024 5577 0000 3200 3201 3202 1176 3351 
00220)3203 1040 0175 1377 7540 1376 1375 2203 
00230)5333 1751 3751 2351 4574 4573 5221 1200 
00240)7106 1201 7006 1202 7006 1200 4272 1200 
00250)7104 7006 1201 7100 1332 7430 5253 1076 
00260)7450 7001 3331 7100 1057 1331 7430 1332 
00270)4272 5263 0000 7100 1332 7430 5273 1076 
00300)3057 4572 1171 0020 7450 5327 7041 1200 
00310)7640 5672 7350 0021 7041 1201 7640 5672 
00320)7350 0022 7041 1202 7640 5672 5612 7240 
00330)5612 0000 0000 3203 1203 7106 7004 1203 
00340)7006 1203 3751 1351 1374 7640 7240 3203 
00350)5234 0200 0000 1040 1170 7640 5752 4574 
00360)5353 7330 3040 1167 3037 7240 3773 2772 
00370)5577 7450 5275 5274 7575 0032 7753 7746 
00400)0000 3001 1001 4566 7004 0175 1165 4450 
00410)1001 0175 1165 4450 5600 4564 4563 4562 
00420)4561 1034 0160 3072 1051 7640 5234 1072 
00430)7106 7004 1157 4447 4556 1176 5254 4563 
00440)4777 5247 4561 1034 4566 7004 5251 1027 
00450)1155 0154 3034 1034 4553 4552 1151 3043 
00460)1443 3023 3014 5550 4564 4547 5271 4546 
00470)5265 4545 3062 7410 4546 4564 1040 1376 
00500)7640 5274 7330 4544 4574 1775 4544 1774 
00510)4544 1773 4544 1057 4544 1062 4544 4564 
00520)4561 1410 3062 1410 3057 1410 3773 1410 
00530)3774 1410 3775 2065 5341 4471 5145 2010 
00540)5550 2062 5345 4543 5357 4572 1034 7041 
00550)1035 7640 1020 7700 5357 4542 6244 1034 
00560)3035 7350 0021 1410 3021 4541 5550 0000 
00570)0000 0000 0000 0202 0201 0200 7503 5547 
00600)0000 7106 7006 7006 5600 0000 2037 1437 
00610)7440 5257 1051 7750 5232 1140 3037 1437 
00620)7450 5232 1137 7650 5231 1136 4450 1136 
00630)4450 4335 1377 3036 1376 3037 2037 4775 
00640)5247 3437 2036 5236 7240 3036 5237 3437 
00650)2037 3437 1140 3037 7240 3036 5207 1137 
00660)7450 5307 1063 1374 7450 5315 1373 7450 
00670)5307 1372 7440 1371 7640 5310 2036 5206 
00700)1165 3040 5605 2053 5321 1167 3037 7330 
00710)1437 3040 7240 3036 5605 1053 7450 5305 
00720)3053 2037 1437 1137 7450 5305 1370 7450 
00730)5303 1367 7650 7240 5315 0000 1376 3012 
00740)1412 7450 5735 4450 3540 5340 7200 1366 
00750)3354 1365 3050 4542 6050 5554 0000 1027 
00760)0154 4566 5756 0077 0037 2323 6345 0002 
00770)7717 7751 0062 7764 7736 5200 1617 7657 
01000)0000 3231 1026 7640 5600 2230 5215 2061 
01010)5215 2041 4360 4535 2061 1231 1137 7450 
01020)5224 1134 4447 5600 7240 3230 4360 5600 
01030)7777 0000 0000 1061 1304 7650 5632 1026 
01040)7640 5632 5256 1061 1133 3061 4360 2061 
01050)5363 1356 3061 1306 4447 2061 5253 1133 
01060)3061 4360 2061 5363 1304 7041 3061 1132 
01070)3013 3064 1413 7450 5307 4447 1064 1131 
01100)7640 5272 1305 5267 0070 0050 0255 1042 
01110)4323 1041 7650 5320 1306 4447 1041 4323 
01120)4360 4360 5632 0000 3000 1357 3360 3366 
01130)5333 3000 2366 1760 7450 5352 1000 7500 
01140)5331 7200 2360 1366 7450 5327 1130 4447 
01150)7330 5327 1000 1130 4447 5723 7772 5564 
01160)0000 1134 4447 1145 4447 5760 0000 1131 
01170)3360 1132 3013 1136 3413 2360 5373 5766 
01200)0000 2042 3041 4535 4701 0200 6600 0041 
01210)5700 4606 3067 7430 5600 1277 3065 1060 
01220)7141 1067 7630 5600 1067 3057 1303 3062 
01230)5241 4527 4527 4527 1060 7141 1057 7630 
01240)5264 4572 1020 4676 1021 4676 1022 4676 
01250)1165 4450 1035 4310 1277 7141 1057 3057 
01260)7430 5264 2062 5231 1134 4450 2067 2065 
01270)5217 4535 1067 7100 1302 5212 4217 7711 
01300)2761 7607 0245 7774 0000 0000 0000 0000 
01310)0000 3330 1133 3331 1330 7106 7004 3330 
01320)1330 7004 0160 1130 4450 2331 5314 5710 
01330)0000 0000 0000 1051 7450 5371 7710 5367 
01340)1072 1130 4450 1027 4310 1030 7640 1377 
01350)4527 1034 4310 1540 7650 5362 1067 4527 
01360)4526 5367 1067 7440 4527 1134 4450 3067 
01370)5732 1034 7100 4525 5367 0067 5001 1200 
01400)0000 3034 4552 1151 3045 1027 0155 3043 
01410)1445 7041 1043 2043 7710 5222 1043 3445 
01420)4552 4650 4552 1124 3045 1043 7041 1445 
01430)7700 5234 1043 3445 4523 2027 1027 0155 
01440)7640 5600 4552 1151 3045 1445 3023 5600 
01450)4641 0323 0331 0315 0302 0317 0314 0323 
01460)0211 0211 0211 0211 0211 3057 1076 7041 
01470)3044 4572 1020 7006 7200 1022 7730 5307 
01500)3020 3021 3022 4541 7240 1060 3060 2057 
01510)2044 5271 5577 0000 0000 0000 0000 0000 
01520)0000 0240 0240 0320 0301 0314 0270 0255 
01530)0326 0261 0260 0301 0240 0316 0317 0240 
01540)0304 0301 0324 0305 0240 0240 0240 0320 
01550)0301 0307 0305 0240 0000 3057 3627 4265 
01560)1122 4450 1134 4450 1060 7141 1057 7630 
01570)5256 5241 1013 2222 1722 0000 1765 4615 
01600)6212 4452 0005 2001 6211 1777 7450 1376 
01610)3777 1775 7450 1374 3775 1773 6201 0372 
01620)7650 5224 3771 5232 1121 4770 0367 7650 
01630)5222 3766 6211 1773 6201 0365 7640 3764 
01640)6211 7332 0773 6201 7650 5250 1261 3763 
01650)6211 1762 6201 0372 7650 5262 1761 3771 
01660)3760 7610 3757 6211 1762 6201 0127 7650 
01670)5301 1412 3416 2310 5271 1413 3417 2311 
01700)5275 1756 0355 1354 3756 6213 4753 5752 
01710)7762 7756 0304 0304 0240 0331 0331 0331 
01720)0215 0000 0252 0252 0252 0252 0252 0215 
01730)0000 0000 0324 0311 0317 0316 0215 0000 
01740)0000 0000 0200 0200 0200 0200 0200 0200 
01750)0200 0200 2000 7200 1000 6777 7746 1271 
01760)1013 1113 7643 4526 4445 0040 1012 0770 
01770)5600 1042 0020 7644 1423 7611 0216 7604 
02000)1154 4777 7700 1376 1375 3774 3014 6201 
02010)3567 3773 1154 4777 3330 1330 0372 1371 
02020)7650 3770 1330 7710 5227 1367 3766 1121 
02030)4777 0372 1371 7650 3765 1121 4777 7710 
02040)5243 1367 3764 5763 1201 1606 0502 1501 
02050)2201 2022 1501 3112 2516 1225 1401 2507 
02060)2305 2017 0324 1617 2604 0503 6211 1762 
02070)6201 0361 7650 5760 6211 1554 7640 5311 
02100)1334 3733 2300 2333 2317 5300 6201 1375 
02110)3774 6201 6212 7201 4452 0002 2273 7773 
02120)5325 1316 3757 3756 5760 4542 5444 5760 
02130)6200 6774 7174 7600 0001 2001 1470 0216 
02140)2415 0040 7773 7400 7605 0377 1332 2002 
02150)1144 0735 0400 0260 7730 1450 4457 4501 
02160)2204 0041 7643 5612 7277 7300 2703 1175 
02170)2677 7760 0770 1741 7237 7770 7710 5600 
02200)1654 7450 1255 3654 6211 1665 6201 0266 
02210)7650 3667 6211 1670 6201 0271 7650 5247 
02220)1654 7041 1255 7640 5233 1256 3657 1260 
02230)3661 1256 3662 4652 4200 1000 0040 5653 
02240)1415 3411 2263 5240 4664 5646 4400 3672 
02250)3777 5220 7607 2757 1042 5256 7240 1056 
02260)3061 1057 1060 7470 7400 7643 0004 5045 
02270)7644 0002 4116 0102 2314 0422 2326 1714 
02300)7106 7620 5715 1714 0316 1317 3332 1320 
02310)3333 1331 3334 5715 7777 5665 0070 6202 
02320)4520 0257 7666 0000 3342 4343 1376 7650 
02330)5723 1342 6046 6041 5333 1137 7640 5723 
02340)1145 5324 0000 0000 1176 6034 1375 7450 
02350)6031 5743 5554 4562 6257 6263 0044 4564 
02360)4543 6445 4432 0000 5451 5653 6300 4745 
02370)5645 6241 6445 4432 0000 7575 7764 4126 
02400)0025 0000 0122 3316 1600 7450 1310 7640 
02410)5601 1316 0176 7650 1316 1055 3055 1316 
02420)1377 7650 5233 4243 1316 1376 7640 5601 
02430)1117 3064 5601 1165 3316 4243 1064 0160 
02440)7640 5235 5601 0000 2245 7402 5301 5276 
02450)1316 7106 7006 0120 1712 3712 1316 7112 
02460)7012 7010 0120 1713 3713 1314 3245 2313 
02470)2315 5303 1176 4775 4317 5303 1313 3312 
02500)2313 1316 3713 1316 1116 0115 7640 2064 
02510)0000 5643 0000 0000 5245 0000 0000 0000 
02520)1154 3315 1374 3313 1314 3245 7100 5717 
02530)4564 1117 5343 4564 1373 4345 1040 1114 
02540)7650 4574 7346 4345 5577 0000 3370 3772 
02550)4573 7410 5365 2370 5360 7240 3370 5362 
02560)1040 4771 4574 5350 4771 2370 5364 5745 
02570)0000 2651 2665 7771 5600 2730 7566 7567 
02600)4574 7330 3063 4236 5200 1170 7450 5200 
02610)1165 7041 3035 3265 4574 4236 5233 1035 
02620)7650 5225 1040 4251 5214 3063 4574 4251 
02630)4251 3063 5577 4542 5143 5214 0000 1040 
02640)7750 5227 1040 1116 0115 7640 2236 1040 
02650)5636 0000 0175 2265 5260 1266 4513 5651 
02660)4566 3266 7240 3265 5651 0000 0000 1051 
02670)7700 5577 5777 0000 1776 7640 5673 1112 
02700)4447 4447 4447 1155 0775 7640 5302 1775 
02710)1176 7440 4330 1323 6212 4452 0004 0000 
02720)0000 5357 5673 0000 0000 0000 0000 0000 
02730)0000 1142 3354 1364 1320 3356 1354 1115 
02740)7106 7006 7006 0111 1320 3320 1320 7120 
02750)1365 7660 5366 4763 0000 5600 0000 7610 
02760)5730 1374 5510 0000 0000 0000 1373 5510 
02770)0027 7775 3505 4446 4445 2515 2510 1465 
03000)0000 1040 1107 7450 5240 1377 7700 5600 
03010)4574 4776 7200 4564 1040 1375 7450 5774 
03020)1373 7650 5247 4547 5303 4200 4561 1070 
03030)3067 1034 4513 4564 4200 4542 5143 5245 
03040)1053 7450 5235 7001 3053 4574 5233 4574 
03050)4564 4561 3032 2065 5257 4542 6557 1034 
03060)3033 1027 0154 7041 1033 0154 7650 5275 
03070)4563 1031 3030 1033 5772 1031 3030 1033 
03100)4553 3014 5550 4545 3062 1022 7710 5435 
03110)1040 1371 7450 5321 1370 7650 5767 7330 
03120)5226 4574 2062 5340 1027 3035 4543 1020 
03130)3014 1021 3015 1022 3016 1035 3017 5211 
03140)1027 7041 1035 7650 5327 4542 5144 5211 
03150)3600 3656 5435 3644 3665 3665 3647 0034 
03160)3262 3242 3331 3200 3311 1224 3506 0503 
03170)7757 7524 0452 7772 4424 7534 2343 0276 
03200)0000 3054 3070 3034 3065 1200 4544 3033 
03210)1054 7710 5777 1040 1106 7112 7640 5224 
03220)7004 3033 4574 2054 1040 1114 7450 5337 
03230)1376 7450 5342 1375 7100 7440 1374 7650 
03240)5773 4547 5772 4505 5300 4256 5224 1033 
03250)1133 7650 5771 4542 5143 5777 0000 1040 
03260)1370 7440 1367 7440 1366 7440 1365 7450 
03270)5276 1364 7710 5276 4546 5656 2256 5656 
03300)3043 1024 7650 1040 1363 7700 5335 1043 
03310)7104 7104 3045 1024 0043 1045 7104 1040 
03320)1362 3043 4574 4505 5301 1043 3035 1033 
03330)1361 3043 1443 3043 5443 4546 5323 4574 
03340)1027 5326 2037 1437 1137 7650 5353 1437 
03350)3035 4574 5327 4542 5143 7240 3040 5771 
03360)5320 3150 7520 7510 0274 0002 7753 0064 
03370)7443 3630 3400 4600 0063 7707 0014 3461 
03400)4545 3062 1022 7700 5207 4542 5160 2062 
03410)5217 2065 1051 7710 5217 4542 6563 1021 
03420)7710 1040 1170 7640 5777 4564 1040 7710 
03430)5777 1054 7640 5777 3056 1035 4544 1056 
03440)4544 4547 7410 5266 4545 3062 7332 0020 
03450)7650 5265 1035 7450 7001 1410 3056 4564 
03460)5237 1054 1142 3054 5202 7330 7001 4561 
03470)1410 3056 1410 3035 1034 0154 7450 5330 
03500)7041 1027 0154 7650 5317 1034 4776 3034 
03510)1313 3070 2075 0700 7410 5447 4343 1176 
03520)1035 3035 1056 0175 7650 5330 4542 5172 
03530)1056 0157 7640 4343 1034 0155 1035 3034 
03540)1410 3043 5443 0000 1035 7040 0127 7440 
03550)5353 4542 5151 1035 3035 5743 0000 1375 
03560)3002 1104 3003 1402 0154 1166 7650 3402 
03570)2002 2003 5363 1176 5756 7647 4652 3327 
03600)1035 1034 3034 1040 1106 7112 7450 5242 
03610)7006 1377 7110 7450 5241 7004 1376 7110 
03620)7450 5240 7004 1375 7650 5237 4774 5203 
03630)1065 7650 5773 7240 3065 3034 5773 7101 
03640)7001 7001 7004 5772 1034 0035 5202 1034 
03650)7041 3043 1035 2043 5252 5202 1035 7041 
03660)5771 1034 4566 0157 3034 1034 7040 0035 
03670)5771 7440 1370 7440 1367 7440 7001 7450 
03700)5766 1103 7450 5765 1364 7450 5337 7001 
03710)7450 5353 2763 1362 3334 1051 7750 5324 
03720)2335 5330 7240 3335 1763 3043 1334 5443 
03730)2336 1334 3736 5324 0000 7730 1450 1355 
03740)7650 5350 3355 2042 3041 1051 7740 4535 
03750)1134 3334 5322 2355 5766 0001 0000 5674 
03760)0000 7777 0214 5200 0015 5302 5201 0164 
03770)7601 3601 3221 3540 3256 7702 0005 0006 
04000)0000 7200 2074 0253 1600 2200 4527 1377 
04010)3776 1051 7740 5241 4527 1171 0014 7450 
04020)5237 4775 1015 4775 1016 4775 1017 7041 
04030)1027 7650 5241 1203 4450 1017 7041 1027 
04040)4774 1134 4450 5600 0000 1373 3012 1372 
04050)3013 1371 3043 1176 3412 3413 2043 5253 
04060)3014 5644 0000 4552 7450 5662 1151 3200 
04070)1023 7141 1600 3347 7430 5323 3032 1027 
04100)0154 1600 4553 1600 1102 3244 1540 4544 
04110)3540 1644 3034 4523 2027 2244 2600 2347 
04120)5311 1410 3540 1200 1370 3244 3644 5662 
04130)4564 4561 1034 7040 3046 5342 4513 1051 
04140)7740 3767 2046 5336 1313 3767 5577 0000 
04150)1347 3262 1176 7141 1551 3347 7430 5662 
04160)1551 4553 1551 1366 5305 0000 2023 1434 
04170)0040 7740 2001 1741 1310 4217 4457 5554 
04200)0000 2060 1060 7160 1076 7670 5777 1776 
04210)3020 1775 3021 1774 3022 4541 5600 0000 
04220)7004 7110 2242 1373 7500 5222 1372 4243 
04230)3241 7240 1242 4243 4566 1241 4527 3242 
04240)5617 0000 0000 0000 7450 5643 1371 7500 
04250)1370 1367 5643 1051 7700 5577 5766 0000 
04260)7300 3301 1303 1057 2301 7020 1365 7420 
04270)5264 7106 1364 3011 1301 7106 7004 1317 
04300)3301 7402 5657 0000 0000 1057 4257 1411 
04310)3020 1411 3021 1411 3022 1411 3035 6201 
04320)5704 0000 0000 0000 0000 0000 0000 0000 
04330)0000 0000 0000 0000 0000 0000 0000 0000 
04340)0000 0000 0000 0000 0000 0000 0000 0000 
04350)0000 0000 0000 0000 0000 0000 0000 0000 
04360)0000 0000 0000 0000 7576 6040 1125 0073 
04370)7725 7745 0045 7733 0202 0201 0200 0746 
04400)4777 2051 3026 3072 3053 3042 3075 3024 
04410)3074 3063 3025 3540 1376 3010 4556 1176 
04420)3023 1176 4553 5775 4563 3031 1051 7450 
04430)5774 7710 5773 1540 7650 5243 1136 4450 
04440)1136 4450 4526 4562 3026 4773 1772 3771 
04450)4535 1074 4302 1075 4302 4535 4770 5521 
04460)1367 3012 6211 1554 0111 3412 1073 3412 
04470)3412 6201 1766 7010 7124 3766 6212 4452 
04500)0006 0000 0000 3014 1720 2320 7450 5312 
04510)4527 5304 1165 4447 1014 4765 4777 5702 
04520)2353 4764 0200 1000 0040 5763 5201 5331 
04530)5244 1362 3047 1362 3050 1154 3761 3255 
04540)5251 0000 3027 1051 7640 5741 1027 1030 
04550)7120 2032 4525 7200 3032 5741 5752 4640 
04560)2336 2336 2323 2757 7607 1123 7746 7616 
04570)2673 1067 1113 1200 1234 3010 1617 1160 
04600)7244 3366 4574 4564 1054 4544 1033 4544 
04610)1034 4544 1366 4544 4561 1034 2410 5222 
04620)4252 7410 4353 3035 1410 3034 1410 3033 
04630)1410 3054 1040 1377 7440 1376 7650 4574 
04640)5775 0000 7650 5247 4471 6045 5641 4471 
04650)7245 5641 0000 3366 1027 0154 7450 5357 
04660)3367 1102 3353 1157 3000 1023 3370 1367 
04670)4566 1151 3043 1353 1443 3045 1370 7041 
04700)1443 7450 5314 3370 1445 7041 1366 7650 
04710)5346 2045 2370 5304 1367 4566 1124 3370 
04720)1443 7041 1770 7710 5331 1367 4241 7240 
04730)5341 7240 1443 0000 7650 5325 7240 1443 
04740)3443 1443 1353 3045 1366 3445 1353 7041 
04750)1045 1367 5652 0000 3366 1353 3252 3367 
04760)1374 3353 1103 3000 1176 5266 0000 0000 
04770)0000 7561 0200 0077 2023 3327 7714 7527 
05000)1377 1237 3224 4564 4561 1040 1376 7650 
05010)5214 4270 4564 5205 4574 1053 7041 3300 
05020)7240 1053 3053 1034 7402 5775 1053 1300 
05030)7700 5775 1040 1376 7450 5242 1374 7640 
05040)5245 7344 7040 1053 3053 3540 4574 5226 
05050)1377 1237 3224 4564 4547 5260 4270 5253 
05060)4545 3034 1022 7700 5212 4542 5160 5212 
05070)0000 4542 5143 1040 7710 5577 4574 5670 
05100)0000 1057 4773 1020 3411 1021 3411 1022 
05110)3411 1035 3411 6201 5700 0000 3043 7240 
05120)1010 3010 1010 1372 7710 5334 1043 3410 
05130)7240 1010 3010 5715 1371 5510 0000 1040 
05140)1370 7100 1367 7620 2336 5736 0000 4505 
05150)5746 4547 5746 2346 5746 0000 1040 1366 
05160)7100 1365 7620 2355 5755 0032 7445 0012 
05170)7506 4245 6223 4257 7776 3011 7504 0010 
05200)0000 2274 5763 1275 7640 5302 1300 0154 
05210)4566 1277 7420 3277 7430 2275 7172 7012 
05220)7012 1300 3224 4726 0000 5600 0000 5270 
05230)1300 0154 4566 1226 3226 1224 0154 7104 
05240)1224 0154 7041 3274 1225 3276 1676 4363 
05250)1676 2276 0120 3224 1676 4363 1676 2276 
05260)0120 7112 7012 1224 7012 7012 4363 5246 
05270)2275 7700 5230 5777 7777 0001 0000 0000 
05300)0000 7617 2776 1051 7750 5314 4775 1131 
05310)3774 1132 3773 3064 1372 3326 6211 1701 
05320)6201 7450 5356 6212 4452 0001 0000 7402 
05330)6211 1326 0154 1166 7640 4771 1066 3300 
05340)1701 0103 7440 1111 7132 7012 3277 2301 
05350)1701 3226 2301 3275 6201 5206 1370 4363 
05360)1134 4363 5767 0000 0155 5766 3671 0751 
05370)0244 3556 7201 3736 3735 1166 3755 2761 
05400)4564 4561 1051 7450 5216 7750 5577 1070 
05410)3067 1177 3777 1136 4450 5776 1034 4566 
05420)7004 0175 1375 3043 1043 1055 3055 1043 
05430)4447 1034 0175 4447 5577 3043 1035 7041 
05440)3035 1034 7100 1035 7420 5250 2043 5242 
05450)7200 1043 5774 4347 5262 4561 1034 3026 
05460)3540 5577 1026 7650 7001 5257 4347 5300 
05470)4561 1034 7041 1027 1030 3031 7240 5773 
05500)1030 1027 3034 3065 5275 2041 1051 7740 
05510)5316 1040 7710 5577 4574 5311 4347 5343 
05520)4772 1131 3347 1132 3012 5333 2347 5333 
05530)7240 3347 5335 1040 3412 7240 3036 4574 
05540)1040 7700 5326 4535 5577 1051 5205 0000 
05550)4564 1040 1107 7650 5747 1040 7700 2347 
05560)5747 0000 2361 5761 6030 7634 7766 0000 
05570)0000 0000 1166 3052 3602 0300 1350 1332 
05600)0000 3043 6211 1443 0111 1377 3043 1443 
05610)6201 5600 6211 1776 6201 7012 7620 1127 
05620)3775 6251 4273 2272 6241 4273 2272 6231 
05630)4273 2272 6221 4273 2272 1774 0373 7450 
05640)5252 7112 7010 3272 1272 1372 7700 1371 
05650)7440 3272 6211 1770 6201 0367 7650 5766 
05660)1365 3764 1363 3762 5766 7420 5761 1360 
05670)3757 5761 0001 0000 1356 3755 7200 1755 
05700)7000 6201 1354 7640 5313 1052 1154 7650 
05710)5673 1176 3052 2273 5673 0052 2057 5217 
05720)1275 4450 1122 4450 4265 3061 5600 0000 
05730)1154 3062 1176 4450 2062 5270 5665 0204 
05740)0073 3071 1470 4006 0004 0433 1413 4401 
05750)0010 0413 0413 5472 2102 5715 5676 7524 
05760)7531 6000 1302 0512 1303 7771 2277 0004 
05770)7645 0005 7772 0070 7777 4303 7643 7757 
06000)6212 4452 0012 0423 1300 7201 7402 1204 
06010)3772 6211 1740 6201 7106 0127 7640 3744 
06020)7420 5224 1345 3746 6211 1740 6201 0176 
06030)7650 5234 1353 3747 6211 1750 6201 7006 
06040)7700 5244 3751 2752 6211 1740 0341 7650 
06050)5742 1743 7640 5262 1354 3743 2254 2343 
06060)2270 5254 6201 6212 7201 4452 0002 6161 
06070)7773 5321 1336 4737 7700 5321 1330 3727 
06100)1332 3731 1334 3733 3724 1267 3726 3725 
06110)1336 3735 3765 1366 3767 1370 3771 5720 
06120)2200 4542 4346 5742 7252 4457 4501 4463 
06130)1521 4010 7200 7266 3073 7226 7612 5600 
06140)7643 1000 2066 7612 2627 3661 3155 3514 
06150)7644 0435 0436 4471 0001 0322 0506 1423 
06160)2415 0322 0506 0000 2326 1012 1155 7277 
06170)1112 7300 2134 0000 0000 0000 0000 0000 
06200)5777 3777 5777 0000 6515 0000 0000 0400 
06210)5121 1434 4271 0361 5121 0410 4000 0437 
06220)5351 1614 4000 2601 5237 0713 4157 5466 
06230)5056 1345 4674 0210 5025 1145 5011 0204 
06240)4523 1707 5251 5000 4523 1040 5251 5001 
06250)4523 1012 4277 5051 4523 0231 4336 5050 
06260)4347 1614 4047 4253 4347 1605 5243 0464 
06270)4347 0701 5007 2533 4347 0305 4224 0415 
06300)4321 1145 5015 2667 4307 1145 5011 0205 
06310)4303 0274 5344 5505 4250 1075 4403 5400 
06320)4231 1467 4164 2530 4231 0170 4742 0207 
06330)5704 0713 4172 4130 7702 0000 0000 0000 
06340)5604 0540 5344 5453 5367 0627 0000 6045 
06350)5367 0336 0000 6041 5364 0157 0000 6044 
06360)5360 1277 0000 6046 5352 0674 0000 6040 
06370)5347 0336 0000 6042 5345 4224 0000 1000 
06400)5331 0674 0000 7430 5331 0045 0000 7440 
06410)5326 1120 0000 7521 5323 0674 0000 7120 
06420)5323 0045 0000 7240 5321 1165 0000 6003 
06430)5317 0045 0000 7510 5315 0674 0000 7420 
06440)5315 0045 0000 7450 5314 0045 0000 7500 
06450)5312 1120 0000 7410 5312 1071 0000 6000 
06460)5306 1344 0000 6006 5256 1232 0000 7012 
06470)5256 0674 0000 7006 5256 0336 0000 6005 
06500)5255 0336 0000 6011 5254 0112 0000 6012 
06510)5252 0271 0000 6010 5247 0336 0000 6244 
06520)5243 0336 0000 6224 5243 0112 0000 6234 
06530)5240 0157 0000 6014 5236 0336 0000 6214 
06540)5233 1232 0000 7010 5233 0674 0000 7004 
06550)5143 0336 0000 6021 5140 0157 0000 6024 
06560)5134 1277 0000 6026 5123 0336 0000 6022 
06570)5123 0271 0000 6020 5076 1232 0000 7404 
06600)5073 1232 0000 7000 5025 1120 0000 7000 
06610)4762 0674 0000 7421 4762 0045 0000 7501 
06620)4675 1277 0000 7604 4652 0336 0000 6031 
06630)4651 1277 0000 6034 4651 0112 0000 6036 
06640)4640 0271 0000 6035 4632 0336 0000 6030 
06650)4632 0157 0000 6032 4577 5277 0000 4000 
06660)4577 5120 0000 5000 4540 5702 0000 2000 
06670)4534 1344 0000 6000 4534 1006 0000 6001 
06700)4534 0336 0000 6002 4516 0157 0000 7001 
06710)4464 1344 0000 7402 4427 0336 0000 6004 
06720)4417 0627 0000 7204 4227 4045 0000 3000 
06730)4174 0674 0000 7020 4174 0045 0000 7040 
06740)4173 0674 0000 7100 4173 0045 0000 7200 
06750)4170 0336 0000 6202 4170 0045 0000 7041 
06760)4163 0336 0000 6201 4160 0336 0000 6007 
06770)4135 1523 0000 7002 4063 4224 0000 0000 
07000)4001 0000 4000 0000 0000 1310 3237 1311 
07010)3245 1117 3246 6211 1707 6201 3645 2245 
07020)2307 2246 5207 1311 7001 3245 1245 3712 
07030)6212 4452 0013 3713 1711 0111 7450 5305 
07040)6212 4452 0001 0000 7402 1711 6212 4452 
07050)0003 0000 0000 5275 3714 4715 1237 1176 
07060)7620 1127 1323 3724 1724 7110 7041 1322 
07070)3066 2200 1237 3716 1245 3717 1246 3720 
07100)5600 1711 0103 7650 5721 1711 0111 3711 
07110)5241 2713 5600 7600 6201 2723 2717 2510 
07120)2720 2517 2763 2764 2765 2761 3501 6200 
07130)5225 1076 7041 3046 3057 4572 7350 0020 
07140)7440 1142 3020 4541 2057 2046 5331 5577 
07150)0000 3360 1360 7012 7012 7012 0155 4447 
07160)1360 0175 4447 5744 0000 7240 3772 2773 
07170)1374 3775 2776 1167 3037 5760 5274 5275 
07200)7617 5301 3755 1777 1142 3071 4706 5212 
07210)1707 3073 3025 4223 5611 4400 6211 1622 
07220)6201 7650 5204 2051 7000 5243 7605 0000 
07230)1233 3037 1176 4447 2037 5226 5623 7770 
07240)4562 3025 7100 1055 4525 4223 4701 1302 
07250)3050 2703 5256 6211 1675 3676 2275 2276 
07260)2277 5250 6201 4706 3700 1707 7200 1274 
07270)3704 1273 3705 4672 5671 4521 1160 1155 
07300)1112 7605 7600 7766 4526 2673 1000 2400 
07310)2677 2703 1000 2764 2311 2311 5702 0000 
07320)7710 5273 5314 1101 0000 6213 1763 7650 
07330)4762 6202 5724 0000 0000 0000 0000 0000 
07340)0000 0000 7330 7766 7777 0001 1357 0341 
07350)1356 3341 5266 7600 0000 0000 2000 4001 
07360)6213 4207 6544 6415 1631 1700 1627 7645 
07370)7601 4772 0200 1600 7746 7643 1101 1155 
07400)0000 4777 4210 6600 0041 5776 1775 7640 
07410)1374 1773 1324 3076 1476 3076 1076 7041 
07420)3772 1775 7640 5232 6211 7344 0771 3771 
07430)1157 3052 6201 1772 3016 1775 7106 1370 
07440)5251 1014 1367 7640 5253 1366 1252 3252 
07450)7240 3014 6211 3414 3414 3414 3414 2016 
07460)5241 6201 1365 3545 7240 3060 1364 3014 
07470)1014 3015 1414 0171 3763 7350 0414 3767 
07500)7350 0414 3762 2014 5761 7300 1415 3763 
07510)1415 3767 1415 3762 1415 3035 4760 1014 
07520)1357 7640 5272 5600 7524 1737 3673 5633 
07530)7577 7775 1737 3133 5075 7035 7775 1335 
07540)3273 5237 7175 7775 0000 2535 4465 6437 
07550)7775 0177 7310 6377 0600 7302 7600 1001 
07560)4200 0237 0202 0200 6203 7505 0010 0201 
07570)7777 7746 0332 5672 0012 4303 2761 7607 

# JSW 2000
# START 00200
