#!/usr/bin/env os8
# /home/vrs/pdp8/Images/os8_v3d_bin_1.0/pip.sv

# Segment 0: 20 pages
12000)7400 0000 7240 3335 2023 1377 3022 6214 
12010)1246 3212 7402 5601 0000 7600 6214 1246 
12020)3333 6201 2302 2335 5302 1023 7650 5232 
12030)4335 5301 1201 7100 1376 7420 3201 7430 
12040)2023 7172 7012 7012 1375 3251 6203 6211 
12050)4746 0000 3000 0000 4774 0020 1253 1376 
12060)3253 1251 0215 7104 1251 0215 7040 3335 
12070)1224 3302 1252 3212 5221 2023 7700 5256 
12100)7330 5333 7402 5324 5320 1224 3302 1612 
12110)0200 7112 7012 1251 7012 7012 2212 5325 
12120)1612 0200 3251 2212 1612 0373 1372 7450 
12130)5230 1371 2214 0000 5614 7777 6211 1370 
12140)3346 1422 7450 5735 4710 0001 0000 7402 
12150)1422 0367 7440 1366 7132 7012 3201 2022 
12160)1422 3253 2022 3023 2335 5735 0017 7760 
12170)6601 0232 7546 0377 2520 1601 0007 7617 
12200)0000 7600 1351 3222 1377 3215 6211 1601 
12210)0376 7450 5245 4775 0001 0000 7402 1601 
12220)4775 0003 7601 0000 5233 3352 3774 4773 
12230)2200 6213 5600 1601 0372 7650 5243 1601 
12240)0376 3601 5217 7330 5231 2774 5231 0000 
12250)3301 6211 1774 7640 5306 1352 7450 2301 
12260)1222 3303 1301 7106 7006 7006 0376 1352 
12270)3352 1352 7120 1223 7660 5647 6203 6211 
12300)4615 0000 0000 0000 4771 0002 2247 5647 
12310)0000 6211 1774 7640 5354 4770 0367 1372 
12320)7640 1366 4765 5355 4765 5355 4765 5355 
12330)4770 7710 1364 1363 0762 7640 5326 1762 
12340)1361 7450 5346 1360 4247 5355 1601 4775 
12350)0004 7601 0000 7410 2310 6213 5710 4527 
12360)4000 1400 2471 0077 0100 2410 0232 0770 
12370)2473 2520 7760 2400 2472 0200 0017 7201 
12400)0000 1377 7041 3271 3267 1270 3223 5600 
12410)0000 0376 3265 6214 1375 3263 1272 7640 
12420)5262 6201 2223 7402 5260 5255 1265 7106 
12430)7006 0374 1666 3666 1265 7112 7012 7010 
12440)0374 1667 3667 1270 3223 2267 2271 5262 
12450)1373 4772 5263 4200 5262 1267 3266 2267 
12460)1265 3667 2210 7402 5610 0000 0000 0000 
12470)5223 0000 0000 0000 6214 1375 3305 6211 
12500)1771 0370 1367 3265 1665 7402 5673 0000 
12510)1366 6034 1365 7650 6031 5707 6203 5771 
12520)0000 3307 1026 7640 5764 1307 7710 1763 
12530)0362 7640 5720 1720 1320 3320 1307 5720 
12540)4761 0014 2523 0540 0411 2205 0324 0000 
12550)1411 7141 1020 7640 5367 1411 7141 1021 
12560)7640 3517 0040 7643 5645 7575 0200 7757 
12570)0017 7600 2247 5400 7400 6203 0377 1400 
12600)4777 4776 4254 1775 7640 5774 4773 3214 
12610)1740 4772 0004 7601 0000 5771 5774 0000 
12620)4770 1367 4766 0006 2205 0500 0214 1703 
12630)1323 4765 4765 2023 7240 3764 5617 0000 
12640)1237 3254 1034 3763 1024 3237 1033 3310 
12650)1030 3762 3023 5267 0000 4763 1023 7650 
12660)5267 4764 5654 1761 3237 1760 3310 1763 
12670)7100 1357 7420 3763 7430 2023 7172 7012 
12700)7012 1356 3306 4755 6202 4637 0000 0000 
12710)0000 4754 0011 1310 1357 3310 7330 1306 
12720)4753 5771 5256 2023 7710 5340 1352 3021 
12730)6201 1421 7640 5343 7340 1021 7430 5327 
12740)7600 4751 0004 6211 1021 7130 0340 1372 
12750)5320 3517 6377 2247 2520 2507 3201 0015 
12760)2053 2146 2352 2001 2135 4142 4050 7772 
12770)4101 6535 0200 5326 6126 2472 3343 3700 
13000)5230 5233 1021 3410 3410 4777 1376 3010 
13010)1410 7450 5216 4775 5774 5210 1314 7650 
13020)5773 4772 5774 1771 7700 5230 6203 5770 
13030)4767 0005 0000 4776 4766 3026 1211 3765 
13040)1764 0363 7640 5762 1761 7006 7630 4760 
13050)1757 0356 7640 4755 1761 7710 5754 1757 
13060)0353 7440 5752 1757 7006 0363 7640 5751 
13070)1750 7650 5223 7630 5747 1764 0233 3333 
13100)1333 4746 4745 4744 3314 4743 5773 7710 
13110)4742 0004 2314 5204 0000 0000 3020 4741 
13120)7710 5715 1021 1340 7650 7001 1337 3410 
13130)2020 5322 5715 0000 7710 5310 5221 0377 
13140)7564 2473 3517 3531 2001 3343 6465 4401 
13150)7617 2600 2540 0301 6001 3401 0400 7643 
13160)3435 7645 5200 0040 7644 2127 5664 0200 
13170)7605 7642 2310 3200 6535 2410 6600 2507 
13200)1377 3010 3410 3342 4776 5775 0374 7440 
13210)1373 7450 5204 1372 7450 5771 1370 3021 
13220)1021 1367 7100 1350 7420 5237 1231 3230 
13230)7402 5632 3251 3002 3271 3311 3321 7600 
13240)1021 3410 2342 1010 1366 7710 5204 4765 
13250)0001 1764 7650 5264 1363 3410 2342 1342 
13260)0362 7640 5254 5243 1021 3410 7240 4761 
13270)5243 1764 7640 5302 1021 3410 1360 4761 
13300)5757 1360 1356 3020 1355 3410 2020 5304 
13310)5757 1764 7640 5301 1021 3410 1354 4761 
13320)5757 1753 7006 7700 5337 1010 3020 1420 
13330)1352 7640 5337 7240 1010 3010 5325 1021 
13340)3410 5243 0000 0000 4751 7700 5743 4765 
13350)0005 2200 7540 7643 7767 0212 7773 3004 
13360)7774 3115 0007 0240 3133 3517 0751 7562 
13370)0232 6543 0145 7601 0177 3107 2014 6577 
13400)0770 0000 1320 3223 7346 3021 1377 3215 
13410)1623 7450 5601 4733 0001 0000 7402 1623 
13420)2223 4733 0004 0000 0000 4776 0003 1223 
13430)1222 3223 2021 5206 5601 0000 4775 7106 
13440)7430 5313 7012 0200 7112 7010 1374 3317 
13450)1717 7450 5635 3317 1377 3261 1720 4733 
13460)0001 0000 7402 1773 7710 5274 1261 1372 
13470)7640 5275 4771 6530 1370 1367 3766 3765 
13500)1317 1766 3764 4763 3762 3761 6202 4661 
13510)5410 6200 0001 4776 0002 3007 5635 0000 
13520)7600 4760 6211 1717 1357 3020 1420 4756 
13530)5755 0000 4775 0200 1354 7640 5731 1320 
13540)3020 4753 5752 2020 5341 5731 5776 1766 
13550)1365 3357 6535 2410 7760 3023 4600 4737 
13560)5664 7646 6204 5273 6206 0026 6201 0007 
13570)0061 3734 0171 7645 3600 2473 3517 7201 
13600)0000 0000 0000 0000 0000 1520 6001 4001 
13610)2001 0001 7601 7401 7201 7001 6437 6437 
13620)0000 6437 0000 1520 0000 7022 0000 0000 
13630)0000 0000 0000 0000 0000 0000 0000 0000 
13640)0000 0000 0000 0000 0000 0000 0000 0000 
13650)0000 0000 0000 0000 0000 0000 0000 0000 
13660)0000 0000 0000 0000 0000 0000 0000 0000 
13670)0000 0000 0000 0000 0000 0000 0000 0000 
13700)0000 1777 0376 7640 5700 3021 1375 3020 
13710)1420 7450 5324 0376 7141 1021 3021 7630 
13720)5700 2020 2020 5310 1021 1777 3777 5700 
13730)1617 0000 3105 2300 0000 1774 7006 7710 
13740)5364 1734 4773 6031 5343 4772 6036 0371 
13750)1370 7650 2026 1026 7104 1367 4773 1026 
13760)7650 5766 2334 5734 2026 5362 3023 3730 
13770)7647 0177 2507 4600 7644 7617 7760 7600 
14000)4777 1376 3021 1375 3020 1775 7450 4774 
14010)3775 1420 7450 5240 0373 3420 1420 1372 
14020)3250 7326 1020 3022 1650 7700 4771 0006 
14030)2020 1420 3421 7201 3420 2020 2021 5211 
14040)1376 3021 4342 1770 4767 4342 4766 5765 
14050)0000 7450 7040 3267 1650 7012 7012 7012 
14060)4270 1650 4270 2250 2267 5254 5650 0000 
14070)0000 0364 7440 1363 0364 1363 4762 5761 
14100)5670 0000 3250 3020 1360 3342 3270 1742 
14110)7450 5336 7100 1250 7420 5321 3250 2270 
14120)5307 7200 1270 1020 7450 5334 1357 4270 
14130)7330 3020 2342 5306 4270 5332 1250 1357 
14140)4270 5701 0000 1356 4762 5761 1255 4762 
14150)5761 5742 6030 7634 7766 0000 0215 0260 
14160)4152 6535 2410 0240 0077 4200 2001 4650 
14170)7666 3517 7757 0017 4705 7617 6601 3343 
14200)4777 5776 7200 3035 1375 3010 6201 1410 
14210)3030 1030 7100 1374 7620 4773 0011 1410 
14220)3025 1410 3031 2010 1410 3032 6201 1410 
14230)7450 5325 3264 1410 3265 1410 3266 1410 
14240)3275 1410 3033 1032 7040 1010 3010 1410 
14250)7450 5312 7041 3024 6211 1421 7141 1025 
14260)7620 5311 7346 4772 0000 0000 0000 1275 
14270)7650 1371 1370 4767 4772 0000 1027 0374 
14300)7640 5310 1024 4766 1032 7640 1033 4765 
14310)4764 1024 1025 3025 2030 5226 1031 7650 
14320)5352 1010 0363 1362 5205 1410 7041 3024 
14330)6211 1024 1035 3035 1027 0361 7650 5311 
14340)1360 4772 7405 1520 2431 7600 4767 1024 
14350)4766 5310 2021 1035 4757 5200 0000 2617 
14360)7774 0200 0377 7400 4142 4650 4101 4070 
14370)0056 7762 4050 3517 0100 2777 3134 2014 
14400)0360 4777 4776 4775 4774 4251 4773 5317 
14410)7450 5206 1307 7640 5206 4773 5317 1307 
14420)7450 5215 1225 3021 1021 0200 1372 7450 
14430)5266 1371 0370 7450 5240 1225 7640 5206 
14440)7240 4251 4323 1307 7640 5242 7240 4251 
14450)5206 0000 7500 4767 7710 1366 1370 3020 
14460)1225 4765 5764 2020 5260 5651 1363 3762 
14470)7240 4251 1021 7012 7012 0361 1360 3020 
14500)1420 7540 5341 7450 5313 3020 4323 7600 
14510)2020 5306 5272 4323 4765 5764 5246 4251 
14520)4757 5764 5756 0000 1021 4765 5764 4773 
14530)5334 3021 1021 5723 7700 4755 0007 4755 
14540)0004 7110 7640 4755 0010 4323 7166 1021 
14550)7124 5303 0000 0000 0000 3517 3023 2310 
14560)4717 0017 2127 7410 6535 2410 0070 2473 
14570)7700 7740 7540 2014 3531 2001 3343 3700 
14600)0000 3020 1420 7012 7012 7012 4213 1420 
14610)4213 2020 5202 0000 0377 7450 5243 4227 
14620)5613 1376 4775 1022 1374 7110 5217 0000 
14630)1373 7450 5221 7001 7450 5772 7510 1371 
14640)1370 4775 5627 1367 4775 1366 4775 5600 
14650)0000 7450 5650 3200 2765 4764 1200 7106 
14660)7006 7004 0363 4762 1361 4764 1200 7012 
14670)7010 0360 4762 1361 4764 1200 0357 1356 
14700)4762 7240 1765 3765 5650 0000 3312 4755 
14710)0012 5723 0000 0000 7402 1312 5705 7776 
14720)7776 0002 7770 7776 7776 7776 0002 0000 
14730)0002 7776 0002 0002 0002 0002 0001 5000 
14740)5014 6274 5030 5042 5054 5070 5110 5127 
14750)5145 5162 6233 2542 0000 0200 0106 0007 
14760)0037 0057 4101 0017 4070 4125 0212 0215 
14770)0236 0100 6303 7741 0321 5172 0243 0077 
15000)1617 4022 1717 1540 0617 2240 1725 2420 
15010)2524 4006 1114 0500 1411 1605 4024 1717 
15020)4014 1716 0740 1116 4006 1114 0537 0000 
15030)0522 2217 2240 0405 1405 2411 1607 4006 
15040)1114 0500 1116 2025 2440 0522 2217 2254 
15050)4006 1114 0537 0000 0301 1647 2440 1720 
15060)0516 4017 2524 2025 2440 0611 1405 0000 
15070)0405 2611 0305 3740 1617 2440 0140 0411 
15100)2205 0324 1722 3140 0405 2611 0305 0000 
15110)2022 0515 0124 2522 0540 0516 0440 1706 
15120)4006 1114 0554 4006 1114 0537 0000 1114 
15130)1405 0701 1440 0211 1601 2231 4011 1620 
15140)2524 5440 0611 1405 3700 0201 0440 0411 
15150)2205 0324 1722 3140 1716 4004 0526 1103 
15160)0537 0000 0411 2205 0324 1722 3140 0522 
15170)2217 2200 0000 6046 6041 5374 7200 5772 
15200)4777 5534 3776 3775 3774 3773 4772 4771 
15210)5770 1367 3220 1733 7450 5770 4766 0001 
15220)0000 7402 4302 4765 7112 7010 0364 1363 
15230)3020 1420 3031 4273 3027 1220 3025 1025 
15240)3762 1761 3024 4314 4773 6202 4424 1400 
15250)0000 0001 5760 6202 4757 5400 0000 0027 
15260)5760 7201 3756 3773 1220 4755 4754 7240 
15270)3753 3752 5751 0000 1750 7450 7001 0364 
15300)7041 5673 0000 1747 0346 1345 3020 1420 
15310)7700 4744 0006 5702 0000 1324 6201 3733 
15320)1343 3742 1341 3740 6213 5714 0000 1737 
15330)7141 1750 7420 7600 1737 5726 2352 2352 
15340)7602 5650 7601 5602 3517 7757 0017 7617 
15350)7646 5503 5641 7200 5543 6476 7202 7607 
15360)5626 2146 2215 3600 0077 2473 0200 7201 
15370)3023 2135 2001 5700 7621 2222 2223 3734 
15400)1377 3207 4776 6202 4775 0210 7200 0000 
15410)5774 3776 1773 3033 1372 3011 1411 7450 
15420)5331 3410 1010 3333 4771 1411 3034 1034 
15430)7450 5325 7140 1030 1031 7630 5323 1034 
15440)3410 7240 1770 3770 1033 7041 1030 7650 
15450)1032 7650 4767 1034 7041 1030 3030 1034 
15460)7041 1033 3033 1010 7041 1027 1027 1366 
15470)7700 5315 2765 1765 7001 3764 1764 1363 
15500)7700 5762 4761 1360 3010 3757 3410 1030 
15510)3410 3410 3410 1027 3410 2606 5216 1756 
15520)7450 5755 5200 1354 4753 7240 1333 3010 
15530)5257 1411 5260 0000 0122 0540 3117 2540 
15540)2325 2205 7700 0000 1024 7041 1025 7650 
15550)7001 3032 5743 4600 5735 5600 7202 2472 
15560)6577 5631 5624 7771 6602 5641 7165 2637 
15570)6600 6413 7204 7201 5625 7607 5700 0026 
15600)3410 1031 1030 7450 5211 3410 7240 1777 
15610)3777 1777 7640 5220 7330 4231 3776 7410 
15620)2241 4231 4264 5775 3776 4231 4264 4774 
15630)0012 0000 1373 3237 4300 6202 4425 0000 
15640)6600 0000 5226 3300 5631 1372 4771 5770 
15650)6032 4767 1366 4771 1300 7640 5700 1765 
15660)0364 7650 5763 5762 0000 4761 0010 3265 
15670)1360 6201 3757 1356 3755 3754 6211 5664 
15700)0000 5700 2317 2222 3140 5540 1617 4011 
15710)1624 0522 2225 2024 1117 1623 0000 1155 
15720)1740 0522 2217 2240 1116 4036 4055 4003 
15730)1716 2411 1625 1116 0700 1617 4022 1717 
15740)1540 1116 4036 4055 4003 1716 2411 1625 
15750)1116 0700 0000 0000 7602 7601 5000 7600 
15760)4207 7700 5452 6004 0040 7644 5702 6267 
15770)2532 4600 5717 4210 3517 3023 6602 6600 
16000)7760 1224 3022 4777 1376 3223 1375 3263 
16010)1374 3243 1373 3340 1743 7650 2743 4772 
16020)1743 4626 0001 0000 7622 1743 0200 7450 
16030)5330 1371 7640 5341 1770 7640 5767 1766 
16040)3245 6202 4623 2000 0000 0000 5765 1766 
16050)7640 4764 4763 1245 1340 3314 1762 7450 
16060)5326 4626 0001 0000 7402 4761 4760 4757 
16070)6202 4663 1400 0400 0001 5765 6201 1756 
16100)6211 1355 7710 4754 0011 1353 3245 5321 
16110)6202 4623 3400 0000 0000 5765 1314 1352 
16120)3314 1351 4750 5747 2245 5310 4746 5745 
16130)1770 7640 5744 1312 3243 1352 3340 5240 
16140)0000 4754 0013 7617 6243 3023 5664 6535 
16150)2247 7400 0016 7774 3517 7770 0401 6453 
16160)5543 6400 7600 6443 6207 3110 7620 6254 
16170)7601 1440 5302 0010 2000 7201 6601 5314 
16200)7777 0000 0000 0000 0000 0000 0000 0000 
16210)1377 3020 1376 3344 1375 3267 6201 1744 
16220)3667 7040 1344 3344 7040 1267 2020 5215 
16230)7200 6211 5607 0201 0440 2331 2324 0515 
16240)4010 0501 0400 1774 1373 3774 1774 0372 
16250)1371 3770 1263 3767 3032 1766 3024 6202 
16260)4424 0200 3400 0007 5765 4764 5763 0000 
16270)1032 7650 5762 5667 1725 2420 2524 4005 
16300)2222 1722 0000 3344 1761 3267 3204 7346 
16310)3207 1667 7112 7012 7012 0360 7440 4757 
16320)2204 5340 2267 2207 5311 1344 7640 5756 
16330)1667 7650 5756 1355 4754 2344 7240 5310 
16340)7240 3204 1667 5315 0000 3020 1411 3410 
16350)2020 5346 5744 0000 5172 0256 4620 4627 
16360)0077 5533 5622 2600 6443 3110 6023 7622 
16370)7621 6360 0017 7760 7617 6777 3777 4400 
16400)0000 1777 3024 1776 3025 3775 3774 3773 
16410)1776 3772 5600 0000 7346 4771 1770 7041 
16420)1027 7500 5233 3012 1770 7440 4771 3410 
16430)2012 5227 5613 3012 1027 7440 4771 1011 
16440)1012 3011 5613 0000 6201 1767 6211 1366 
16450)7640 5765 5643 0000 4764 7700 4763 0005 
16460)1025 1362 7650 2032 5653 0000 3253 1761 
16470)7650 5760 1253 7650 4757 5665 0000 3200 
16500)1356 3030 6211 4764 7700 5314 6202 4600 
16510)0210 1400 0001 5755 3007 1754 1353 7650 
16520)5325 1200 1362 7640 5327 1352 3030 5676 
16530)3205 2217 4023 3123 7700 7700 5341 4763 
16540)0002 4763 0000 1351 3750 5747 0000 2030 
16550)2014 3205 0070 7710 1401 5626 0007 3700 
16560)3023 7600 0171 3517 2473 6141 0600 3401 
16570)7204 6344 2215 2223 2222 2352 6063 6023 
16600)0000 7240 1200 3224 1377 3624 1776 0375 
16610)7650 5600 1374 4773 5600 1723 5770 4020 
16620)1120 4026 6161 0100 0000 0000 0000 0000 
16630)0000 0000 0000 0000 0000 0000 0000 0000 
16640)0000 0000 0000 0000 0761 0067 0062 7643 
16650)0000 0000 0000 0000 0000 0000 0000 0000 
16660)0000 0000 0000 0000 0000 0000 0000 0000 
16670)0000 0000 0000 0000 0000 0000 0000 0000 
16700)0000 0000 0000 0000 0000 0000 0000 0000 
16710)1367 1354 0275 6443 0000 0000 0000 0000 
16720)0000 0000 0000 0000 0000 0000 0000 0000 
16730)0000 0000 0000 0000 0000 0000 0000 0000 
16740)0000 0000 0000 0000 0000 0000 0000 0000 
16750)0000 0000 0000 0000 0000 0000 0000 0000 
16760)0000 0000 0000 0000 0000 0000 0000 0000 
16770)0000 0000 0000 4600 6615 0007 7644 0020 

# JSW 6403
# START 13000
