#!/usr/bin/env os8
# v3d/ralf.sv

# Segment 0: 8 pages
12000)1571 0000 0000 0000 0000 0000 0000 0000 
12010)0000 0000 0000 0000 0000 0000 0000 0000 
12020)0000 0000 0000 0000 0000 0000 0000 0000 
12030)0000 0000 0000 0000 0066 0136 0143 0220 
12040)0256 0302 0000 0655 0662 1014 1160 1204 
12050)0000 1230 1235 0000 0000 1254 1331 1451 
12060)0000 0000 0000 1557 0000 1564 0073 0404 
12070)2200 0011 0000 0100 0404 3000 0014 0110 
12100)0105 1416 0000 0013 0010 0112 1604 0000 
12110)0006 0200 0117 1604 0000 0506 0600 0124 
12120)1604 3200 0006 0000 0131 1604 3200 0506 
12130)0400 0000 2430 0000 0013 0020 0000 0123 
12140)0500 0005 1340 0150 0406 0000 0020 6201 
12150)0155 1101 0000 0020 7041 0162 1106 0000 
12160)0020 6202 0167 1401 0000 0020 7200 0174 
12170)1414 0000 0020 7100 0201 1501 0000 0020 
12200)7040 0206 1514 0000 0020 7020 0213 1715 
12210)1517 1605 3666 0000 1715 1532 0005 3662 
12220)0225 0301 0000 0006 3200 0232 0301 0000 
12230)0506 3600 0237 0301 3200 0006 3000 0244 
12240)0301 3200 0506 3400 0251 0503 1115 0105 
12250)4003 0000 2003 1013 0005 1334 0263 0000 
12260)0000 0005 4632 0270 1604 0000 0005 3200 
12270)0275 1624 2231 0005 3630 0000 3024 0522 
12300)1605 3646 0307 0000 0000 0005 4633 0314 
12310)0104 0400 0007 1000 0321 0104 0400 0317 
12320)1000 0326 0104 0400 0515 1000 0333 0104 
12330)0400 0716 1000 0340 0104 0415 0007 5000 
12340)0345 0104 0415 0317 5000 0352 0104 0415 
12350)0515 5000 0357 0104 0415 0716 5000 0364 
12360)0314 0100 0012 0002 0371 0411 2600 0007 
12370)3000 0376 0411 2600 0317 3000 0403 0411 
12400)2600 0515 3000 0410 0411 2600 0715 3000 
12410)0415 0530 1124 0012 0000 0422 1105 1404 
12420)6105 3661 0427 1404 0100 0007 0000 0434 
12430)1404 0100 0317 0000 0441 1404 0100 0515 
12440)0000 0446 1404 0100 0716 0000 0453 1525 
12450)1400 0007 4000 0460 1525 1400 0317 4000 
12460)0465 1525 1400 0515 4000 0472 1525 1400 
12470)0716 4000 0477 1525 1415 0007 7000 0504 
12500)1525 1415 0317 7000 0511 1525 1415 0515 
12510)7000 0516 1525 1415 0716 7000 0523 1605 
12520)0700 0012 0003 0530 1617 2000 0012 0040 
12530)0535 1617 2215 0012 0004 0542 2001 2523 
12540)0512 0001 0547 2003 1715 0020 6553 0554 
12550)2010 1424 0020 6554 0561 2011 0314 0020 
12560)6552 0566 2011 1624 0020 6551 0573 2011 
12570)2324 0020 6557 0600 2022 2324 0020 6556 
12600)0605 2023 2400 0020 6555 0612 2324 0100 
12610)0007 6000 0617 2324 0100 0317 6000 0624 
12620)2324 0100 0515 6000 0631 2324 0100 0716 
12630)6000 0636 2325 0200 0007 2000 0643 2325 
12640)0200 0317 2000 0650 2325 0200 0515 2000 
12650)0000 2325 0200 0716 2000 0000 1424 0000 
12660)0020 7402 0667 0103 0000 0020 7001 0674 
12670)0606 1401 2005 4054 0701 0616 0405 0605 
12700)4113 0706 0616 0507 0005 4106 0713 0616 
12710)2327 0005 4125 0720 0616 3222 1705 4044 
12720)0725 0620 1723 0005 4107 0732 0622 0114 
12730)0605 4057 0737 0622 0506 0005 4114 0744 
12740)0623 2700 0005 4124 0751 0632 0522 1705 
12750)4045 0756 1604 0530 0005 1337 0763 1706 
12760)0000 0020 6002 0770 1716 0000 0020 6001 
12770)0775 2332 0000 0006 2200 1002 2332 0000 
13000)0506 2600 1007 2332 3200 0006 2000 0000 
13010)2332 3200 0506 2400 1021 0100 0000 0011 
13020)1030 1026 0103 0000 0012 0007 1033 0114 
13030)0000 0011 1070 1040 0521 0000 0011 1000 
13040)1045 0705 0000 0011 1010 1052 0724 0000 
13050)0011 1060 1057 1405 0000 0011 1020 1064 
13060)1424 0000 0011 1050 1071 1520 0000 0006 
13070)5200 1076 1520 0000 0506 5600 1103 1520 
13100)3200 0006 5000 1110 1520 3200 0506 5400 
13110)1115 1523 0000 0006 4200 1122 1523 0000 
13120)0506 4600 1127 1523 3200 0006 4000 1134 
13130)1523 3200 0506 4400 1141 1605 0000 0011 
13140)1040 1146 2301 0000 0011 1120 1153 2322 
13150)0000 0011 1130 0000 3016 0000 0010 2000 
13160)1165 0303 0000 0020 6032 1172 2202 0000 
13170)0020 6036 1177 2223 0000 0020 6034 0000 
13200)2306 0000 0020 6031 1211 0123 0000 0020 
13210)7604 1216 0430 0000 0014 0100 1223 1123 
13220)2417 0605 4001 0000 1123 2417 1605 4000 
13230)0000 1720 0000 0020 7000 1242 0324 0114 
13240)0005 4004 1247 2207 0000 0005 3730 0000 
13250)2322 0000 0020 7404 1261 0114 0000 0020 
13260)7004 1266 0122 0000 0020 7010 1273 0406 
13270)0000 0020 6214 1300 0520 0501 2405 0762 
13300)1305 1102 0000 0020 6234 1312 1106 0000 
13310)0020 6224 1317 1506 0000 0020 6244 1324 
13320)2414 0000 0020 7006 0000 2422 0000 0020 
13330)7012 1336 0000 0000 0005 1005 1343 0503 
13340)2400 0005 3665 1350 0503 2470 0005 3663 
13350)1355 0524 0200 0011 1110 1362 0524 3000 
13360)0011 1100 1367 1320 0000 0020 7410 1374 
13370)1501 0000 0020 7500 1401 1601 0000 0020 
13400)7450 1406 1614 0000 0020 7420 1413 2001 
13410)0000 0020 7510 1420 2401 2224 0412 0006 
13420)1425 2401 2224 0512 0050 1432 2401 2224 
13430)0612 0005 1437 2414 0000 0020 7120 1444 
13440)3201 0000 0020 7440 0000 3214 0000 0020 
13450)7430 1456 0104 0000 0006 1200 1463 0104 
13460)0000 0506 1600 1470 0104 3200 0006 1000 
13470)1475 0104 3200 0506 1400 1502 0306 0000 
13500)0020 6042 1507 0530 2400 0005 4006 1514 
13510)1423 0000 0020 6046 1521 2003 0000 0020 
13520)6044 1526 2201 2063 0010 3000 1533 2201 
13530)2064 0010 4000 1540 2201 2065 0010 5000 
13540)1545 2201 2066 0010 6000 1552 2201 2067 
13550)0010 7000 0000 2306 0000 0020 6041 0000 
13560)2401 0000 0013 0030 0000 0214 1703 1305 
13570)4152 1577 0000 0000 0003 0040 0000 0000 
13600)1501 1116 0004 0020 0000 1605 1775 1374 
13610)3035 4773 4772 1337 7650 1771 1770 1035 
13620)7700 5767 4766 1337 7650 5240 1765 4331 
13630)1023 4331 1024 4331 1025 4331 1026 5243 
13640)4764 4331 1763 4331 1337 7650 1762 7106 
13650)7710 1225 7650 5272 1335 7640 5262 1361 
13660)4760 5272 3335 1374 3015 3415 3415 3415 
13670)3415 3415 7240 3757 1032 7450 5600 1356 
13700)7450 5755 1354 7450 5753 1352 7450 5324 
13710)1351 7640 5750 3747 4746 3745 7330 0744 
13720)1743 3744 4766 5272 2337 5750 1034 3742 
13730)5204 0000 2035 3435 5731 0000 5735 7777 
13740)2305 7367 5741 4057 7642 7646 4000 4055 
13750)5160 7777 7760 7322 0057 4715 7445 7343 
13760)7441 7600 2553 4443 4400 4474 4271 5202 
13770)7437 7436 4060 7315 7577 7435 7400 0200 

# Segment 1: 28 pages
00000)0001 4432 7666 0062 0000 0000 0000 0000 
00010)0000 0000 0000 0000 0000 6377 1604 6777 
00020)7777 0000 0000 0000 0000 0002 0020 0000 
00030)0000 4000 0000 0000 0000 0000 0000 0000 
00040)0000 0000 0000 0000 0000 0000 0000 0000 
00050)0001 0000 0000 0000 0000 0000 7777 0000 
00060)0000 0001 0000 0000 0000 0000 7601 0000 
00070)0000 0000 0000 0000 0000 0000 0000 0000 
00100)0000 0177 0177 0000 0000 1542 7573 0001 
00110)0001 0000 7777 0000 0000 0000 0200 0000 
00120)0017 7700 0000 0000 0000 0000 0000 0000 
00130)0000 0000 0000 0000 0000 0000 0000 0000 
00140)7775 6777 3257 0437 2757 0177 2632 7700 
00150)0100 2555 0240 0515 0037 0200 0007 7770 
00160)3041 2200 2550 0077 0203 1600 7540 2242 
00170)2452 2400 0017 7600 2644 2410 1520 1433 
00200)2202 5602 6000 6201 1062 7650 1056 7740 
00210)1061 7650 5222 4577 1377 3066 4576 2066 
00220)5216 4776 4575 5226 4574 0507 1064 7650 
00230)5235 3064 2017 2020 5310 1063 7710 5352 
00240)1141 3017 1173 3066 3062 4775 1374 7450 
00250)5245 1373 7450 5271 7001 7450 5324 1372 
00260)3417 2066 5245 4775 1371 7640 5263 4574 
00270)1424 1017 7040 1141 3020 1063 7041 3063 
00300)1020 3201 1061 3202 1020 3023 1141 3017 
00310)1057 7640 5334 4575 5203 1370 7450 5336 
00320)1172 7640 4571 5767 2110 3111 7240 3112 
00330)5245 7240 1057 3057 2020 5341 7240 3020 
00340)5203 1417 1366 7450 5331 7112 7650 2057 
00350)5334 5310 1201 3020 3061 2063 5304 1202 
00360)3061 5240 4005 2222 1722 2300 7504 0600 
00370)7521 7563 0214 7775 7566 4212 1400 7772 
00400)0000 3070 1377 3066 7100 1376 7430 5212 
00410)1375 7100 3067 1070 7004 3070 1067 7004 
00420)2066 5204 3067 1070 5600 0000 1374 7041 
00430)3313 1236 3311 1312 3247 5625 6400 0000 
00440)0373 3307 1314 7640 5637 6201 2247 7402 
00450)5303 5300 1307 7106 7006 0372 1710 3710 
00460)1307 7112 7012 7010 0372 1711 3711 1312 
00470)3247 2311 2313 5305 1371 4770 4225 5305 
00500)1311 3310 2311 1307 3711 6201 5637 0000 
00510)0000 0000 5247 0000 0000 0000 1106 3010 
00520)1367 3011 1366 3066 6211 1410 6201 3411 
00530)2066 5324 5715 0000 6211 1765 0172 1364 
00540)3315 1715 6201 5733 2201 1406 4026 0000 
00550)0000 0000 0000 0000 0000 0000 0000 0000 
00560)4020 0107 0500 1410 7757 7600 7774 4361 
00570)4444 4200 7400 0377 0200 0003 7775 7763 
00600)1017 3021 1020 3022 3113 4570 5777 4575 
00610)5334 1376 7440 5245 4567 5236 7110 7640 
00620)5233 1410 7041 1026 7640 5233 1410 7041 
00630)1027 7650 5243 4574 1504 5775 2466 1026 
00640)3410 1027 3410 6201 5775 1374 7440 5321 
00650)1052 3071 1053 3072 1054 3073 1051 3074 
00660)4575 5316 1166 7640 4571 4565 5316 1071 
00670)3052 1072 3053 1073 3054 1074 3051 4567 
00700)5304 7110 7640 5316 1036 3410 1037 3410 
00710)1466 0373 1040 3466 6201 5564 4574 0205 
00720)5564 1372 7450 5334 0163 4562 3054 4575 
00730)5777 1166 7640 5777 1371 4561 5777 1345 
00740)3344 1410 3046 6201 0000 5741 1200 1215 
00750)1027 1125 1046 1122 1201 1134 1105 1066 
00760)1060 2115 4770 7150 0037 3063 5564 0002 
00770)1210 0033 0035 7740 7757 0310 7524 1000 
01000)6201 1021 3017 1022 3020 3046 4565 5300 
01010)4214 1037 4560 5564 0000 1036 0157 7650 
01020)5614 1036 0156 3036 4574 2205 5614 2075 
01030)4355 1042 7450 1077 7450 1047 7640 5261 
01040)1043 7100 1377 7630 5261 5317 4776 4251 
01050)5262 0000 1047 7650 5651 4574 1130 5651 
01060)4355 4775 1044 0156 1046 5774 4355 4251 
01070)1042 7640 5300 1043 7100 1377 7620 5317 
01100)4574 0230 1046 4560 5564 4355 1042 7640 
01110)5300 1043 7100 1373 7630 5300 4775 1043 
01120)4772 1155 1046 4560 5564 4776 4775 1044 
01130)0156 1046 0371 5265 7201 4776 1044 0157 
01140)7650 5344 4574 2205 1047 7640 1037 0156 
01150)1046 4560 1045 4560 5564 0000 4776 1032 
01160)7161 1045 3043 7004 1031 7041 1044 3042 
01170)5755 7377 0400 7750 3000 2600 1217 7200 
01200)5446 4210 4251 1037 0156 1046 4560 5564 
01210)0000 4565 4574 0230 5610 4210 5777 0000 
01220)3251 4210 3075 1040 7650 7001 1076 3077 
01230)3047 1036 3044 1037 3045 4575 5617 1376 
01240)7640 4571 2047 1251 3050 4210 2050 4251 
01250)5617 0000 1034 7161 1037 3037 7004 1033 
01260)7041 1036 7640 5270 1037 7100 1157 7630 
01270)4574 0211 5651 0000 1375 3066 6211 1466 
01300)0154 1374 7710 5313 2066 1466 0157 3466 
01310)2066 3466 7344 1373 1066 3066 1016 7141 
01320)1066 7620 5277 6201 5673 0000 1042 0157 
01330)7640 7130 4772 5725 7330 3030 5564 7326 
01340)1371 3012 4770 1036 3412 1037 3412 5564 
01350)0000 1173 3106 4553 7201 6212 4516 0004 
01360)4362 0000 7000 5750 4527 1134 4450 3067 
01370)1210 0030 1014 0006 7775 1574 7524 3236 
01400)0000 1062 7640 5600 2062 1141 3013 3233 
01410)5220 1413 1377 7450 5223 1376 2233 4505 
01420)2023 5211 5600 1152 2233 4505 1233 0156 
01430)7640 5223 5220 0000 7200 1375 4505 1374 
01440)4505 2112 5633 7240 3112 1056 7740 1061 
01450)7650 5633 1303 7440 4505 1373 3303 4772 
01460)0543 7761 1110 4771 1111 7650 5273 1370 
01470)4505 1111 4771 2111 1375 4505 1374 4505 
01500)1367 3112 5234 0000 0000 1704 3013 2304 
01510)1704 3200 2304 1413 4320 2200 5313 5704 
01520)0000 3355 1355 4551 4330 1355 4330 5720 
01530)0000 0163 7450 5337 1366 7510 1150 1152 
01540)4505 5730 0000 6046 6041 5344 4765 1364 
01550)7640 5742 1354 3343 5742 0000 4001 0223 
01560)4022 0506 2300 4450 7764 1674 7740 7707 
01570)0255 2673 1504 0214 0212 0215 0211 7567 
01600)0000 3035 3036 3037 7201 3040 7201 3041 
01610)3076 7201 3055 4777 4570 5256 4567 5334 
01620)7110 7450 5306 1466 0376 7640 2076 1410 
01630)0157 3042 5315 1375 7640 5240 2020 5271 
01640)4571 1041 7640 5253 1055 7450 5252 7110 
01650)1050 7650 2200 4274 7200 5600 4774 5317 
01660)4575 5241 1373 7440 5233 1026 3042 1027 
01670)5315 3042 1417 5315 0000 7200 6031 5674 
01700)1155 6034 1372 7450 5573 5674 1466 0376 
01710)7640 2076 1410 3042 1410 3043 6201 3041 
01720)1055 1324 3323 0000 5724 2000 2013 2064 
01730)2073 2040 2047 2047 1075 7650 5343 1466 
01740)0371 1376 3466 3040 6201 3041 4574 2523 
01750)1370 3011 3055 4575 5241 3067 2055 1411 
01760)7450 5366 1067 7640 5356 5214 3055 5240 
01770)2621 7737 7575 7522 2277 0014 0040 4617 
02000)1042 0157 7640 4777 1037 7100 1043 3037 
02010)7004 1042 5234 1042 0157 7041 7450 5224 
02020)4777 1036 0156 3036 1043 7161 1037 3037 
02030)7004 1042 7041 0156 1036 0376 3036 5775 
02040)1042 0036 0156 3036 1043 0037 5261 1042 
02050)7040 0036 1042 0156 3036 1043 7040 0037 
02060)1043 3037 4774 5775 1043 7041 3036 1037 
02070)2036 5267 5261 3042 3036 1043 7650 5312 
02100)1037 7141 1043 7430 5307 2042 5302 7200 
02110)1042 5261 4574 0626 5775 1017 3021 1020 
02120)3022 4570 5347 1373 4561 5347 1372 7640 
02130)5347 1410 6201 3037 1037 7040 0046 1037 
02140)3046 4575 5771 1166 7650 5315 5770 6201 
02150)1021 3017 1022 3020 2022 7410 5771 4565 
02160)5770 5334 4023 3115 0217 1423 5400 2757 
02170)1100 1122 7760 0033 1325 1750 7767 1014 
02200)0000 1051 6211 3004 1404 7450 5600 3010 
02210)1052 7141 1410 7640 5236 1053 7141 1410 
02220)7640 5236 1054 7141 1410 0147 7640 5236 
02230)2200 1010 3066 1466 0154 5600 7630 5600 
02240)1404 5203 0000 4200 5250 7440 2242 5642 
02250)1404 3416 1016 3404 1052 3416 1053 3416 
02260)1054 3416 1016 3010 1016 3066 3416 3416 
02270)1016 7100 1155 7620 5642 4546 2324 0000 
02300)3364 3242 3042 3043 4777 5350 3200 1042 
02310)3067 1043 3070 4364 4364 1065 7650 5331 
02320)7100 1070 1043 3043 7004 1067 1042 3042 
02330)5335 1200 0157 7640 2242 4364 1043 7100 
02340)1200 3043 7004 1042 3042 7430 2242 5304 
02350)1364 7650 2277 1042 0157 7450 1242 7650 
02360)5677 4574 1605 5677 0000 1043 7104 3043 
02370)1042 7004 3042 7430 2242 5764 7764 2534 
02400)0000 7240 1020 3020 7240 1017 3017 5600 
02410)0000 4226 2210 5610 4226 1377 7650 5231 
02420)4200 1152 5212 2064 4200 5610 0000 2020 
02430)5234 7240 3020 5610 1417 1166 7440 1376 
02440)7450 5214 1375 7450 5223 1374 7450 5227 
02450)1373 5626 0000 3052 3053 3054 4321 5267 
02460)4210 5652 1372 7650 5267 4200 5652 3051 
02470)2252 4312 4350 3052 4312 1052 3052 4312 
02500)4350 3053 4312 1053 3053 4312 4350 3054 
02510)4312 7610 0000 4321 5712 4334 5652 1371 
02520)5712 0000 4210 5332 1370 7120 1367 7460 
02530)5721 4200 2321 5721 0000 4210 5734 1366 
02540)7100 1365 7420 5346 2334 5734 4200 5734 
02550)0000 7106 7006 7006 5750 0000 7012 7012 
02560)7012 0163 5755 5350 4771 0012 7506 0033 
02570)7445 0060 7535 0276 7775 7716 0027 7521 
02600)0000 1047 7650 5216 7240 1055 7650 1150 
02610)1046 3046 1037 0156 7106 7004 1046 1377 
02620)3046 5600 7525 7523 7526 7521 7532 7540 
02630)7537 0000 0000 6201 1632 3240 3056 4244 
02640)0000 6041 5241 5573 0000 6201 7200 1056 
02650)7540 4577 7710 5271 1376 4576 1644 4576 
02660)1376 4576 1056 7640 5270 4576 4775 4577 
02670)2104 2244 5644 0000 7450 5311 3005 3006 
02700)4314 6030 4314 7634 4314 7766 1005 4351 
02710)5673 1374 4576 5673 0000 6201 7300 1005 
02720)7450 5330 1714 7420 5330 3005 2006 5316 
02730)7200 2314 1006 7450 5714 4351 7330 3006 
02740)5714 7667 1463 1463 1463 1463 1463 1463 
02750)0001 0000 1355 4505 5751 0260 0005 0000 
02760)3005 7130 3006 4314 7000 4314 7700 4314 
02770)7770 1005 4351 5757 1617 1400 5555 0400 
03000)3311 3113 1044 7012 7012 0145 7450 5232 
03010)3044 1056 7640 5234 3115 7326 4777 1044 
03020)1376 3415 1311 3415 1045 3415 4777 4311 
03030)4311 5564 2114 2113 1311 4241 1045 4241 
03040)5564 0000 3311 1056 7440 5263 1115 7640 
03050)5257 7201 4777 1375 3415 1015 3115 2515 
03060)1311 3415 4777 7740 1061 7650 5307 4577 
03070)1026 0156 4774 1027 4544 1152 4505 1311 
03100)4544 1113 7640 1373 4576 3113 4776 4311 
03110)5641 0000 2027 5711 7201 1026 0372 3026 
03120)5711 4771 1116 7710 5332 6212 4516 0011 
03130)1147 3116 7326 3025 4770 3057 3064 1117 
03140)3061 7201 3110 3111 7240 3112 3027 1367 
03150)3026 7130 3031 3033 3034 3065 3104 3114 
03160)2056 5766 5766 3200 3311 1224 0240 0020 
03170)1273 4203 7767 4700 2751 0400 1400 4600 
03200)4777 1056 7700 5212 1376 3775 1107 7650 
03210)5217 5774 1056 7740 5225 3415 4773 3056 
03220)4772 5771 1143 3105 5770 7240 3112 4577 
03230)4767 0100 5000 0040 5766 5632 0000 1046 
03240)0155 7640 1027 0173 7041 1037 0173 7640 
03250)4574 0201 1037 0145 1046 4560 5564 1263 
03260)3765 4546 1117 7000 1366 7440 1365 7450 
03270)5276 1364 7710 5276 4546 5656 2256 5656 
03300)3043 1024 7650 1040 1363 7700 5335 1043 
03310)7104 7104 3045 1024 0043 1045 7104 1040 
03320)1362 3043 4574 4505 5301 1043 3035 1033 
03330)1361 3043 1443 3043 5443 4546 5323 4574 
03340)1027 5326 2037 1437 1137 7650 5353 1437 
03350)3035 4574 5327 4542 5143 7240 3040 5771 
03360)5320 3150 7520 7510 0274 2666 7605 7607 
03370)3121 3425 4400 4474 5600 4242 5400 3514 
03400)1055 3224 3055 4777 1065 3005 2065 4776 
03410)7000 1005 3065 1224 7110 1055 7010 3055 
03420)1043 7430 7041 5775 0000 4774 6211 1373 
03430)3011 1372 3010 1371 3066 1410 3411 2066 
03440)5235 1573 0120 3066 1272 0370 7106 7006 
03450)7041 1066 3410 1270 3410 3410 6201 1104 
03460)7650 2271 5767 2766 6212 4516 0006 0000 
03470)0000 0000 0000 1365 4764 1301 3015 3115 
03500)5672 6377 2500 0000 3000 0300 2300 7777 
03510)7777 7000 3200 0600 0000 6201 1026 7012 
03520)7012 0145 1363 3066 1466 1362 3066 6211 
03530)1026 0156 3067 1466 0156 7041 1067 7510 
03540)5357 7650 5347 1026 3466 2066 5355 2066 
03550)1466 7141 1027 7620 5357 1027 3466 7200 
03560)6201 5714 0004 5177 4444 4200 7746 7605 
03570)0377 7773 7611 7604 1350 4677 2277 4617 
03600)0000 1025 1377 7710 5207 4546 3023 2025 
03610)1056 7700 5600 1025 1376 3067 6211 1404 
03620)6201 3467 1067 1155 3067 1051 3467 5600 
03630)4570 5256 4567 5242 7110 7650 1410 0157 
03640)7640 5244 4574 1105 4200 5564 7326 3024 
03650)4570 5256 4567 4301 7112 7640 4574 0523 
03660)5564 7201 7001 1156 5267 7201 1375 3024 
03670)4570 3051 4567 5317 7041 1024 7650 5320 
03700)5256 0000 4200 6211 1466 0147 1024 3466 
03710)2066 1025 7106 7006 3466 6201 5701 4301 
03720)4774 6211 1410 3026 1410 3027 6201 5343 
03730)4773 4774 1036 0157 7650 1026 0157 1036 
03740)3026 1037 3027 1056 7640 5564 3115 7326 
03750)4772 1026 7012 7012 0145 1371 3415 1026 
03760)0156 3415 1027 3415 4772 5564 5201 0164 
03770)7601 1000 4600 1210 3514 0003 5177 7601 
04000)1117 3061 5564 7201 3065 5564 4575 5564 
04010)7041 3067 4226 5564 4562 3066 4226 5223 
04020)1066 4560 5212 1066 4560 5564 0000 2020 
04030)7410 5626 1417 3051 1051 1067 7650 5626 
04040)2226 1051 0163 5626 7240 4272 1036 0156 
04050)7450 1037 7650 5257 1057 7040 3057 6201 
04060)4575 5276 1166 7450 5257 1377 7650 5776 
04070)4571 5276 0000 3057 4565 5302 4574 1103 
04100)3057 5776 1041 7650 5672 5276 7240 4272 
04110)7307 0036 5252 7240 3057 4570 5276 4561 
04120)5254 7650 3057 5257 7240 3057 1375 3043 
04130)4774 5335 4773 5276 1372 2043 1371 7540 
04140)5335 7041 7160 3042 7004 2042 5344 6211 
04150)0443 5252 4770 1037 7041 3067 1061 3070 
04160)4560 3061 2067 5360 1070 3061 5564 1434 
04170)1210 7764 0033 2534 2521 7642 0310 7744 
04200)7400 0401 0002 0000 1377 3322 4324 7240 
04210)3324 5603 0000 7600 6201 2270 2324 5270 
04220)1323 7640 4324 1360 7100 1202 7420 3360 
04230)7430 2323 7172 7012 7012 1201 3241 6201 
04240)4737 0000 6000 0000 5264 1243 1202 3243 
04250)1241 0213 7104 1241 0213 7040 3324 1217 
04260)3270 1242 3361 5214 2323 7700 5245 5542 
04270)7402 5312 5306 1217 3270 1761 0200 7112 
04300)7012 1241 7012 7012 2361 5313 1761 0200 
04310)3241 2361 1761 0376 1375 7450 5222 1374 
04320)6201 5612 7617 0001 7777 1366 3337 6211 
04330)1722 6201 7450 5773 6212 4516 0001 0000 
04340)5542 6211 1722 0372 7440 1172 7132 7012 
04350)3360 2322 1722 6201 3243 2322 3323 5724 
04360)0000 0000 0000 0000 0000 0000 7200 0073 
04370)7725 7745 7760 3200 0232 7546 0377 7617 
04400)0000 1106 1377 3106 6211 1506 3233 4776 
04410)1233 7650 5242 4344 1337 3232 1343 3224 
04420)1233 6212 4516 0001 0000 5542 1233 6212 
04430)4516 0003 4362 0000 5542 3340 3775 4774 
04440)2200 5600 2775 5600 0000 3267 1340 7450 
04450)2267 1232 3271 1267 4562 0172 1340 3340 
04460)1340 7120 1233 7660 5542 6201 4624 0000 
04470)6400 0000 5542 5644 0000 4344 1056 7640 
04500)5306 1373 4772 1340 3771 5332 4770 0367 
04510)1366 7640 1365 4543 4543 4770 7710 1150 
04520)1163 0764 7640 5314 1764 1363 7450 5332 
04530)1362 4244 6213 1506 6201 4516 0004 4362 
04540)0000 5542 5674 7400 0000 1116 7700 5744 
04550)6212 4516 0010 1155 3116 5744 5752 4640 
04560)2336 2336 4000 0200 0513 0232 7760 0770 
04570)0533 3472 4600 0377 0425 0514 0515 0005 
04600)0000 1015 1216 7710 5600 1015 1216 7700 
04610)5214 7201 3415 5205 4777 5600 1001 0000 
04620)4575 5617 1376 7450 2055 7440 7150 7640 
04630)4571 5617 1140 1140 3046 1375 4351 3055 
04640)4217 7240 3022 3200 4774 5260 3005 4773 
04650)4351 1005 7440 4772 1022 7040 1200 5243 
04660)4575 5277 1371 7450 5274 1370 7110 7650 
04670)5767 4574 0620 5343 2022 5271 5243 1200 
04700)7450 5315 7100 7500 7061 3200 7420 1375 
04710)3005 1005 4773 2200 5311 4351 7130 3130 
04720)4766 1132 7640 4765 3137 1055 7650 5343 
04730)1364 4763 7004 1467 7141 3467 7240 1067 
04740)3067 2021 5332 4351 1410 4560 2046 5344 
04750)5564 0000 1375 3021 1362 3010 3410 2021 
04760)5356 5751 0121 5146 0137 5055 5033 3400 
04770)7752 7522 5000 5103 2534 7771 7523 3472 
05000)0000 3123 1377 3122 1122 7041 1131 7450 
05010)5215 7700 1376 4220 5204 4233 4255 5600 
05020)0000 1375 4346 2467 2067 1467 7010 3467 
05030)2021 5224 5620 0000 1374 3103 1373 4346 
05040)7004 1503 1467 3467 7240 1067 3067 7240 
05050)1103 3103 2021 5240 5633 0000 1132 7710 
05060)4220 7132 0132 7640 5655 1373 4346 1467 
05070)7004 3467 7260 1067 3067 2021 5267 7240 
05100)1131 3131 5261 0000 1372 4346 1132 7650 
05110)5703 1467 1131 3131 1371 3011 1375 3346 
05120)1370 3010 3354 2346 1746 3410 3746 2067 
05130)1467 3411 2021 5323 1367 4220 7430 4233 
05140)4220 1362 7640 5334 4255 5703 0000 3067 
05150)1366 3021 7100 5746 0000 0000 0000 0000 
05160)0000 0000 0000 2355 5755 0032 7772 5023 
05170)0122 5154 2750 0137 0130 0131 7771 0013 
05200)1577 1571 0000 0000 0000 0000 0000 0000 
05210)0000 0000 0000 0000 0000 0000 0000 0000 
05220)0000 0000 0000 0000 0000 0000 0000 0000 
05230)0000 0000 0000 0000 0000 0000 0000 0000 
05240)0000 0000 0000 0000 0000 0000 0000 0000 
05250)0000 0000 0000 0000 0000 0000 0000 0000 
05260)0000 0000 0000 0000 0000 0000 0000 0000 
05270)0000 0000 0000 0000 0000 0000 0000 0000 
05300)0000 0000 0000 0000 0000 0000 0000 0000 
05310)0000 0000 0000 0000 0000 0000 0000 0000 
05320)0000 0000 0000 0000 0000 0000 0000 0000 
05330)0000 0000 0000 0000 0000 0000 0000 0000 
05340)0000 0000 0000 0000 0000 0000 0000 0000 
05350)0000 0000 0000 0000 0000 0000 0000 0000 
05360)0000 0000 0000 0000 0000 0000 0000 0000 
05370)0000 0000 0000 0000 0000 0000 0000 0000 
05400)0000 0000 0000 0000 0000 0000 0000 0000 
05410)0000 0000 0000 0000 0000 0000 0000 0000 
05420)0000 0000 0000 0000 0000 0000 0000 0000 
05430)0000 0000 0000 0000 0000 0000 0000 0000 
05440)0000 0000 0000 0000 0000 0000 0000 0000 
05450)0000 0000 0000 0000 0000 0000 0000 0000 
05460)0000 0000 0000 0000 0000 0000 0000 0000 
05470)0000 0000 0000 0000 0000 0000 0000 0000 
05500)0000 0000 0000 0000 0000 0000 0000 0000 
05510)0000 0000 0000 0000 0000 0000 0000 0000 
05520)0000 0000 0000 0000 0000 0000 0000 0000 
05530)0000 0000 0000 0000 0000 0000 0000 0000 
05540)0000 0000 0000 0000 0000 0000 0000 0000 
05550)0000 0000 0000 0000 0000 0000 0000 0000 
05560)0000 0000 0000 0000 0000 0000 0000 0000 
05570)0000 0000 0000 0000 0000 0000 0000 0000 
05600)7344 3070 1377 3415 1003 3415 1030 3415 
05610)3415 1376 3010 1375 3012 1025 7041 3067 
05620)1374 3066 1373 3013 1410 3011 1412 7450 
05630)1372 4562 3073 6211 1411 3074 6201 1074 
05640)4551 1073 3413 1074 0163 2066 5231 0154 
05650)3074 6211 1411 3075 1411 3076 6201 1070 
05660)7010 7620 5271 1074 7110 7650 7420 5330 
05670)5306 1074 7110 7450 5330 7010 7650 5306 
05700)1075 0156 7450 1076 7650 5330 1373 3013 
05710)1371 3066 1413 3415 2066 5312 1015 1360 
05720)7710 5330 4770 1377 3415 3415 3415 3415 
05730)2067 5220 2070 5211 1371 3066 3415 2066 
05740)5336 1367 4766 6211 1765 0156 7450 1764 
05750)6201 7650 5763 1362 3415 3415 3415 5763 
05760)1001 0432 1001 3121 1604 1603 4600 0377 
05770)3472 7772 0043 0070 7775 5377 5177 0003 
06000)5206 6212 4516 0005 2201 3777 4776 4100 
06010)6600 0040 5775 6211 1573 0120 7450 5233 
06020)1374 3042 1442 7710 5250 6201 4773 6304 
06030)7760 4577 5201 7201 3573 1173 3010 1372 
06040)3410 1371 3410 1370 3410 3410 6201 5767 
06050)6201 5766 6211 1765 0364 7650 2117 6201 
06060)4763 7600 4762 3107 1277 6211 0761 6201 
06070)7650 5306 6212 7201 4516 0002 6300 0041 
06100)5306 1276 3760 1757 3756 7240 3755 4754 
06110)4753 7240 3753 1121 3116 4763 7605 6211 
06120)1752 7450 1351 3752 1750 3042 1347 3010 
06130)7240 3011 1346 3043 1410 3411 2043 5334 
06140)6201 5745 0002 7414 0003 6200 6173 1777 
06150)7666 1423 7611 4324 6463 3471 3470 4432 
06160)3467 7643 4400 6400 0020 7644 6505 6523 
06170)2216 2224 0617 1504 7757 7605 7607 3425 
06200)1377 3776 1276 3775 1277 3774 3006 1042 
06210)7450 5773 0372 7112 7010 1371 7510 5222 
06220)2006 5215 1370 3005 1367 3011 1006 4766 
06230)7440 1365 1005 3411 1042 0364 4766 1363 
06240)3010 1410 3411 1410 3411 3006 1042 0156 
06250)3005 1762 0361 7112 7012 1005 1360 1371 
06260)7510 5264 2006 5257 1370 3005 1357 1006 
06270)3411 1005 4766 1356 3411 5773 6662 0140 
06300)1417 0104 0000 2326 0000 0211 1640 1725 
06310)2440 0405 2640 1617 2440 0611 1405 5523 
06320)2422 2503 2425 2205 0400 5512 0116 5506 
06330)0502 5515 0122 5501 2022 5515 0131 5512 
06340)2516 5512 2514 5501 2507 5523 0520 5517 
06350)0324 5516 1726 5504 0503 0000 0040 5560 
06360)0106 0600 7777 6322 7400 6000 2550 0551 
06370)0072 7766 0370 0240 0550 0547 7746 1000 
06400)0000 1262 7640 5256 1600 3260 6211 1660 
06410)0172 3261 1261 7450 5256 3260 7240 1777 
06420)1260 3260 1660 6201 7700 5255 1376 3775 
06430)1374 3773 1372 3771 1370 3767 1366 3765 
06440)4335 3764 1374 3763 1362 3761 1372 3760 
06450)1376 3757 1356 3755 1362 3262 2200 5600 
06460)0000 0000 0000 0000 4200 7617 1265 3302 
06470)1261 7650 5663 1262 7640 5663 1304 1302 
06500)3302 4200 0000 5270 0002 6211 1573 0120 
06510)1354 3042 1442 6201 1353 7650 3752 6211 
06520)1751 7440 5331 6211 1750 0334 7650 1347 
06530)1346 3751 6201 5745 0041 0000 1356 3744 
06540)7001 5735 6720 0304 5760 6052 1404 0610 
06550)7643 7604 3425 0171 7646 4616 1401 0017 
06560)0015 4543 7201 4470 4202 4201 0201 4366 
06570)6601 3501 5777 0436 6000 0141 6377 0037 
06600)1104 4777 4776 0361 7774 4577 1016 1375 
06610)7110 4774 4777 4776 2161 7773 1114 4777 
06620)4776 1555 7773 4577 1373 3066 3051 7240 
06630)3046 1051 3067 6211 1467 7450 5306 3067 
06640)1067 3014 2046 5247 1372 3046 4577 1051 
06650)7450 1371 4576 6211 1414 4576 6211 1414 
06660)4576 6211 1414 3005 1005 0147 4576 1005 
06670)0172 1370 3005 1405 4576 6211 1414 0156 
06700)4767 6211 1414 4544 4576 5233 2051 6201 
06710)2066 5231 4577 1366 4505 4765 5764 0706 
06720)4215 4612 5665 0260 4260 5215 5211 5656 
06730)4265 4611 6657 1324 5701 3320 4215 4612 
06740)5662 0262 5661 1273 5660 3266 4215 4612 
06750)6706 0320 5723 0706 4215 4612 5666 0260 
06760)4260 5215 5211 5656 3425 4474 0214 2751 
06770)3502 0043 7774 7745 0400 6174 1504 2673 

# JSW 0000
# START 00200
