#!/usr/bin/env os8
# /home/vrs/pdp8/Images/haygood-osv3r.0/runoff.sv

# Segment 0: 14 pages
12000)0000 6211 3777 1776 7450 1264 3776 1775 
12010)7640 5234 3216 4774 0012 4020 0000 0000 
12020)5223 1216 5233 3227 4774 0012 5524 0000 
12030)0000 7402 1227 3775 1375 3263 4773 7700 
12040)5245 7240 3772 4771 1717 4770 4767 1366 
12050)7640 5257 1375 3262 4765 2262 5254 4764 
12060)6203 5600 0000 0000 2725 0000 0000 7640 
12070)5301 6211 4763 1362 7450 5317 1361 4310 
12100)5272 1760 6211 7650 5317 4763 4310 5305 
12110)0000 1357 7500 5710 1356 7710 5710 6203 
12120)3760 5666 5632 0000 3000 1357 3360 3366 
12130)5333 3000 2366 1760 7450 5352 1000 7500 
12140)5331 7200 2360 1366 7450 5327 1130 4447 
12150)7330 5327 1000 1130 4447 5723 0004 7563 
12160)0102 0273 7505 3104 2721 3000 7760 2674 
12170)2201 3600 2673 2400 0200 7600 7604 2720 
12200)7400 0000 7240 3333 2363 1377 3362 6214 
12210)1245 3212 7402 5601 0000 7600 6214 1245 
12220)3331 6211 2300 2333 5300 1363 7650 5231 
12230)5334 1201 7100 1376 7420 3201 7430 2363 
12240)7172 7012 7012 1375 3250 6203 6211 4743 
12250)0000 7200 0000 5273 1252 1376 3252 1250 
12260)0215 7104 1250 0215 7040 3333 1224 3300 
12270)1251 3212 5221 2363 7700 5254 7330 5331 
12300)7402 5322 5316 1224 3300 1612 0200 7112 
12310)7012 1250 7012 7012 2212 5323 1612 0200 
12320)3250 2212 1612 0374 1373 7450 5230 1372 
12330)2214 0000 5614 7777 6211 4771 3343 1762 
12340)7450 5277 4770 0000 4767 1762 0366 7440 
12350)1365 7132 7012 3201 2362 1762 3252 2362 
12360)3363 5231 7617 0000 7440 0017 7760 2721 
12370)2732 3056 0232 7746 0177 0211 0001 7617 
12400)0000 7201 1777 3350 1777 3250 1350 3224 
12410)1376 3220 6211 1650 0375 7450 5246 4774 
12420)0000 1650 4773 0003 0000 0000 5234 3351 
12430)3772 4771 2200 5600 1650 0370 7650 5244 
12440)1650 0375 3650 5221 7330 5233 2772 5233 
12450)0000 0000 3301 1772 7640 5305 1351 7450 
12460)2301 1224 3303 1301 7106 7006 7006 0375 
12470)1351 3351 1351 7120 1225 7660 5651 6202 
12500)4620 0000 6600 0000 5306 2251 5651 0000 
12510)1772 7640 5353 4767 0366 1370 7640 1356 
12520)4765 5354 4765 5354 4765 5354 4767 7710 
12530)1364 1363 0762 7640 5324 1762 1373 7450 
12540)5344 1361 4251 5354 7000 1650 4760 0004 
12550)0000 0000 7410 2307 6213 5707 0232 0000 
12560)7700 4010 2672 0077 0100 2611 0770 2674 
12570)7760 2600 2673 0200 2732 0017 7201 2063 
12600)0000 1377 7041 3272 1376 3270 1271 3224 
12610)5600 0000 0375 3266 6214 1374 3264 1273 
12620)7640 5263 6211 2224 7402 5261 5256 1266 
12630)7106 7006 0373 1667 3667 1266 7112 7012 
12640)7010 0373 1670 3670 1271 3224 2270 2272 
12650)5263 1372 4771 5264 4200 5263 1270 3267 
12660)2270 1266 3670 2211 7402 5611 0000 0000 
12670)0000 5224 0000 0000 0000 6214 1374 3306 
12700)6211 1770 0367 1366 3266 1666 7402 5674 
12710)0000 1320 7650 5710 4765 0010 3320 5710 
12720)7777 0000 1320 7640 5721 4777 0011 7240 
12730)3320 5721 0000 3321 4310 1732 3342 1321 
12740)4777 0001 0000 7402 1342 3732 2332 5732 
12750)0000 0000 0000 0000 0000 0000 0000 0000 
12760)0000 0000 0000 0000 0000 7700 7757 0017 
12770)7600 2451 4210 7400 6203 0377 6600 0200 
13000)0000 0377 3234 6214 1376 3224 6211 1234 
13010)4775 5774 1234 1373 7450 5226 7001 7450 
13020)5227 1372 7650 5230 7402 5600 1371 1370 
13030)1372 7041 4767 5224 0000 0000 7200 6214 
13040)1376 3254 6211 1366 3765 3764 4763 1362 
13050)3765 1361 3764 4760 7402 5635 0000 6201 
13060)3757 3756 6211 1755 3303 1703 7450 5754 
13070)0353 7041 1302 7650 5752 1703 0353 3302 
13100)1351 5656 0000 0000 0000 7200 6214 1376 
13110)3327 6211 4750 5331 3747 1746 7650 5745 
13120)1747 0344 7440 1343 7450 5312 1377 7402 
13130)5704 7700 5742 4741 1105 7402 0000 0000 
13140)0000 3600 3220 7601 0177 3272 3251 3256 
13150)2214 6601 2345 0017 2277 2362 0124 0125 
13160)2600 0232 7000 2507 2556 2544 5354 3223 
13170)0003 0004 0002 7564 3216 2611 6203 0377 
13200)3627 3627 3627 3627 3634 3634 3634 3634 
13210)3642 3643 3647 3650 3654 3660 4777 1705 
13220)6203 5622 4036 0000 3242 4776 7710 5623 
13230)1775 1374 7650 7001 1373 4772 5216 2242 
13240)5230 5623 0000 0000 6046 6041 5245 7600 
13250)5643 7777 3257 3257 0000 0000 0000 7521 
13260)7532 7773 7776 7537 7532 7773 7776 4771 
13270)5770 3256 1253 3252 1254 7650 5340 1652 
13300)1256 7640 5267 4771 5770 3256 2252 1652 
13310)7450 5334 2252 1652 7450 5333 2252 1652 
13320)7650 5327 1255 7640 5267 3254 5767 1255 
13330)7640 5267 7240 3255 4771 5770 3256 5325 
13340)1256 1374 7440 7001 7440 7001 7650 7240 
13350)5325 0000 0000 0000 0000 0000 0000 0000 
13360)0000 0000 0000 0000 0000 0000 0000 3120 
13370)3131 2214 2611 0377 7564 3034 2674 3600 
13400)1207 7650 5210 6211 4777 4776 0006 0000 
13410)6203 7200 5775 0000 3230 1231 7650 5225 
13420)1230 4774 1232 7640 5613 1230 4773 5613 
13430)0000 0000 0000 0000 0000 3233 1633 7012 
13440)7012 7012 4247 1633 4247 2233 5236 0000 
13450)0372 7450 5634 1371 0372 1371 4213 5647 
13460)2417 2401 1440 0522 2217 2223 5600 2313 
13470)7410 5303 6211 1313 7041 4314 4770 6203 
13500)3122 7201 5767 6211 4766 4765 5764 1763 
13510)7700 5200 5210 0000 0000 3762 1361 4213 
13520)4760 7450 5714 4213 5320 0360 0341 0347 
13530)0345 0640 0000 0320 0301 0307 0305 0640 
13540)0000 0320 0341 0347 0345 0640 0000 5254 
13550)5255 5200 5754 4274 4275 4234 4226 4227 
13560)3700 0256 3750 7642 3216 2507 3646 0203 
13570)2201 0240 0077 3000 3243 7605 0200 2710 
13600)0000 6211 1600 3212 7001 3777 7001 3776 
13610)6202 4775 0000 0000 1613 3273 6211 4261 
13620)1374 4773 1772 1240 7110 4771 6201 1770 
13630)6211 4767 6201 1766 6211 4767 4261 2267 
13640)0321 7240 3765 6203 2213 5613 0000 1267 
13650)7650 5260 4261 1364 4773 1267 4767 4261 
13660)5646 0000 1363 4771 1362 4771 5661 0000 
13670)7777 2216 1756 3030 5600 0000 0000 0000 
13700)0000 6214 1243 3307 6211 5706 3712 7402 
13710)5700 4306 1361 3275 7346 3276 3277 5322 
13720)3350 2277 7100 1350 1675 7430 5320 7200 
13730)2275 1277 7450 5340 1360 0357 4306 7330 
13740)2276 5316 1350 1360 0357 4306 7200 5311 
13750)0000 6030 7634 7766 3201 2211 1611 0377 
13760)0260 3751 0212 0215 3460 3513 0124 3514 
13770)0125 3413 2362 3434 3670 4026 3431 3432 
14000)0000 4777 1376 3010 1375 3075 6201 3410 
14010)2075 5206 1374 3010 1373 3011 1372 3075 
14020)6211 1411 6201 3410 2075 5220 1371 3010 
14030)1370 3100 1367 3075 6211 1411 6201 3500 
14040)1500 3410 2100 2075 5234 1366 3100 1365 
14050)3076 7201 3500 1364 1500 2100 2076 5252 
14060)7300 3500 6211 3763 3762 3761 3760 3757 
14070)6203 7240 3756 5600 0000 0000 0120 0000 
14100)0102 6577 7777 0002 0640 0005 0001 0002 
14110)0003 0002 7777 7777 0000 0000 7777 7777 
14120)0000 0000 0000 7777 7777 0001 0001 0106 
14130)0000 0000 7777 0005 7777 7777 7777 7777 
14140)0000 0000 0000 0000 7777 7777 7777 7777 
14150)0000 0000 7777 0000 7473 5335 0276 5647 
14160)5546 5525 5323 5424 0010 7740 6333 7764 
14170)6270 6253 7734 4073 0017 7767 0063 2721 
14200)2711 0424 1000 1501 2207 1116 2300 0000 
14210)3676 3721 6107 2751 6107 2751 2201 2201 
14220)1766 1766 3665 4361 3665 3665 2444 3721 
14230)4133 4355 3676 4762 5674 5710 2530 2452 
14240)2413 2007 2000 2000 2413 5557 2037 3062 
14250)3062 5563 3602 3602 5412 1724 5412 1724 
14260)2402 2600 6100 2600 5620 1724 2634 6072 
14270)5620 2675 6105 2747 4353 2411 2035 3600 
14300)2400 2430 2426 5600 2520 2132 1724 5600 
14310)5752 5241 2430 2454 6123 2245 2522 4200 
14320)2522 4200 2245 4275 2134 4200 2134 1724 
14330)4234 4274 2601 5717 2601 2635 2200 1724 
14340)1724 2200 1724 4142 2525 1724 2525 2450 
14350)2450 2450 2456 5255 5245 2335 2456 2341 
14360)5754 5254 5200 6101 6073 1724 0103 0000 
14370)0120 0000 0125 2417 0301 2011 2401 1411 
14400)3205 0000 0125 2417 2001 2201 0722 0120 
14410)1000 0200 0214 0116 1300 0222 0000 0222 
14420)0501 1300 0300 0303 0000 0305 1624 0522 
14430)0000 0305 1624 2205 0000 0310 0120 2405 
14440)2200 0315 0000 0317 1515 0516 2400 0317 
14450)1624 2217 1400 0327 0000 0417 2716 0000 
14460)0514 2300 0516 0400 0523 0000 0526 0516 
14470)0000 0600 0604 0000 0607 0000 0611 0725 
14500)2205 0000 0611 1414 0000 0611 2223 2400 
14510)0614 0107 2300 0616 0000 0617 1724 1617 
14520)2405 0000 0624 0000 1005 0104 0522 0000 
14530)1004 0000 1100 1106 0000 1116 0405 1624 
14540)0000 1116 0405 3000 1225 2324 1106 3100 
14550)1400 1403 0000 1405 0624 0000 1411 2324 
14560)0000 1411 2405 2201 1400 1415 0000 1417 
14570)2705 2200 1423 0000 1501 2207 1116 2300 
14600)1601 0300 1601 2000 1603 0300 1606 0000 
14610)1606 1400 1610 0400 1612 0000 1615 0000 
14620)1616 1500 1617 2405 0000 1620 0100 1620 
14630)2200 1623 1400 1624 0000 1624 2100 1624 
14640)2300 1625 1502 0522 0000 1704 0400 1726 
14650)0522 0000 2000 2001 0000 2001 0705 0000 
14660)2001 0711 1607 0000 2001 2005 2200 2001 
14670)2201 0722 0120 1000 2002 0000 2005 2211 
14700)1704 0000 2007 0000 2022 0000 2022 1116 
14710)2400 2023 0000 2024 0000 2200 2205 2305 
14720)2400 2211 0710 2400 2215 0000 2300 2304 
14730)0000 2305 1405 0324 0000 2313 1120 0000 
14740)2314 0000 2320 0103 1116 0700 2320 0700 
14750)2325 0211 1604 0530 0000 2325 0220 0107 
14760)0500 2324 0000 2325 0224 2414 0000 2325 
14770)0224 1124 1405 0000 2400 2401 0000 2401 
15000)0223 0000 2405 2324 0000 2411 2414 0500 
15010)2420 0000 2421 0000 2422 0000 2423 0000 
15020)2503 0000 2520 2005 2200 3000 0000 0114 
15030)1400 0317 1624 2217 1400 0516 0406 1717 
15040)2416 1724 0500 2320 0103 0500 2125 1724 
15050)0500 0301 2011 2401 1411 3205 0000 1031 
15060)2010 0516 0000 2325 0211 1604 0530 0000 
15070)1116 0405 3000 2520 2005 2203 0123 0500 
15100)2516 0405 2214 1116 0500 0611 2223 2403 
15110)0120 1124 0114 1132 0500 1417 2705 2203 
15120)0123 0500 0000 2530 5674 5674 1724 1724 
15130)1724 1724 1724 2325 0220 0107 0500 1617 
15140)2405 0000 1411 2324 0000 1411 2405 2201 
15150)1400 1106 0000 0617 1724 1617 2405 0000 
15160)0214 1703 1300 1501 0322 1700 0000 2205 
15170)1401 2411 2605 0000 0102 2317 1425 2405 
15200)0000 2324 1720 2300 2125 1724 0500 0000 
15210)1625 1502 0522 0000 2520 2005 2200 1417 
15220)2705 2200 1511 3005 0400 1405 0624 0000 
15230)2211 0710 2400 0305 1624 0522 0000 0114 
15240)2405 2200 2417 2000 0217 2424 1715 0000 
15250)0122 0102 1103 0000 2217 1501 1600 2320 
15260)1411 2400 2317 1411 0400 0000 0405 0605 
15270)2222 0504 0000 0301 2305 0000 0310 0122 
15300)0103 2405 2223 0000 2417 2000 0217 2424 
15310)1715 0000 2311 3205 0000 0526 0516 0000 
15320)1704 0400 0000 0357 2334 4403 0052 1415 
15330)1144 2402 2032 6054 0047 0536 3003 2340 
15340)6544 1024 5551 6154 0377 2004 4713 5053 
15350)5076 3153 0204 6115 2404 5402 4473 2441 
15360)2066 2424 0545 2002 2054 7246 1006 6615 
15370)2355 3204 2405 3635 2065 2626 3000 3454 

# Segment 1: 4 pages
16400)6764 3602 6120 4537 4133 2403 6546 0777 
16410)0417 1266 6514 3536 4515 6735 6124 0407 
16420)1002 1702 3604 5766 4101 1373 7104 0573 
16430)0102 1750 3104 7433 0522 4040 2004 0636 
16440)7070 6545 6526 3577 0732 5147 7757 2667 
16450)6466 5677 3672 2365 2627 6553 2472 3472 
16460)5426 1121 4024 2671 1504 0173 0007 6573 
16470)0402 3535 4304 3532 4120 0573 2102 5667 
16500)5412 6117 0674 3537 5550 5343 2366 2432 
16510)2176 3125 6117 6277 5626 3517 6156 5347 
16520)2220 2046 0320 3107 1001 4477 5406 1573 
16530)3000 4542 0120 0072 2300 3557 0000 4477 
16540)6745 6763 7376 6377 7051 7523 6175 7157 
16550)7066 3773 3116 3773 3751 5572 7312 7543 
16560)3246 5671 1161 3537 4525 6446 5521 7733 
16570)3500 6566 0024 5574 1061 3473 4061 7435 
16600)0027 0010 7772 0102 0000 3216 1604 3217 
16610)2204 6201 1216 3617 6211 5604 0000 0000 
16620)2225 1617 0606 2326 0000 7201 6211 4777 
16630)0002 6620 0000 7610 1231 3776 1775 7700 
16640)7240 3774 7332 0775 7640 1200 1201 4204 
16650)3513 1775 0373 7650 7240 3772 1775 0371 
16660)7650 5271 1770 7012 7012 7012 0367 4204 
16670)4765 1775 0366 7640 7240 3765 1775 0364 
16700)7650 1363 1362 4204 1715 1775 0361 7650 
16710)7240 4204 0126 7307 0775 7640 1360 1357 
16720)4204 4500 7305 0775 3756 7201 0775 7640 
16730)1202 1203 3755 7332 0754 3753 4752 6203 
16740)5624 7627 1054 1156 7634 2632 5704 1137 
16750)2575 6264 7007 3431 7644 4100 3432 0255 
16760)7763 0010 7000 2056 0020 4115 0100 0037 
16770)7642 0400 4134 1000 4113 7643 3407 7700 
17000)7716 0137 7755 0117 2001 5777 3617 0000 
17010)1777 0376 7650 5235 1775 0374 3210 1210 
17020)4773 3511 1772 7012 7012 7012 0374 7041 
17030)7440 1210 7041 4773 3512 1371 0777 7650 
17040)5245 1370 4773 4500 7240 4773 0107 1777 
17050)0367 7640 1200 1201 4773 3504 1777 0366 
17060)7640 7240 1365 3764 1777 0363 7650 1371 
17070)1370 3762 1777 0361 7640 7350 7001 4773 
17100)3505 7307 0777 4773 0110 7305 0777 7640 
17110)1202 1203 3760 7201 0777 4773 0111 1757 
17120)7700 7240 3756 7332 0757 7650 5340 1204 
17130)1205 7440 1206 7650 1355 1354 3753 3752 
17140)5751 5607 2742 1720 6233 4601 7411 4020 
17150)1676 7200 3251 3252 3263 7774 4117 7645 
17160)4076 0010 4104 0020 4132 7777 0040 0200 
17170)0240 0400 7646 6604 0077 7642 1000 7644 
17200)1777 7700 5212 7240 3776 7240 3775 1774 
17210)0373 7450 7001 7041 3772 1771 0370 7640 
17220)5251 6203 4767 7344 1766 7750 5247 1250 
17230)4765 3164 1250 4765 0347 1364 4765 0352 
17240)1364 4765 0025 1363 4765 0351 5762 5762 
17250)6221 5762 2001 0401 4001 1072 3673 5000 
17260)1000 6737 2030 0015 1620 0000 1504 0464 
17270)6200 4022 4050 4500 0220 1413 6200 5200 
17300)6415 0023 0152 0530 0010 6102 1210 7013 
17310)3000 2510 3403 7311 1410 6202 2232 2101 
17320)4005 4432 4220 4011 4064 7113 1101 2664 
17330)4007 2402 2104 0156 1101 4523 0500 1020 
17340)3606 5006 4260 5000 4012 4061 6153 5003 
17350)4535 4152 3040 5620 0757 0523 5035 4420 
17360)0221 0452 7141 2000 7577 6604 2065 6400 
17370)0200 7643 3513 0377 7646 3431 3432 7644 

# Segment 2: 28 pages
00000)6501 7402 7777 4551 0000 0000 0000 0000 
00010)0000 0000 0000 0000 0000 0000 0000 7620 
00020)0000 0000 0120 0000 0102 6577 7777 0002 
00030)0640 0005 0001 0002 0003 0002 7777 7777 
00040)0000 0000 7777 7777 0000 0000 0000 7777 
00050)7777 0001 0001 0106 0000 0000 7777 0005 
00060)7777 7777 7777 7777 0000 0000 0000 0000 
00070)0000 0000 0000 0000 0000 0000 0000 0000 
00100)0000 0000 0000 0000 0000 0000 0000 0000 
00110)0000 0000 0000 0000 0000 0000 0000 0000 
00120)0000 0001 7777 0000 0000 0000 7777 7777 
00130)1560 6000 1400 2533 5400 1726 1635 0400 
00140)0553 3200 6115 2146 5331 5312 4325 1670 
00150)4333 4313 3315 3541 3552 4026 0277 0324 
00160)1600 1622 1163 0274 5554 0213 2352 0215 
00170)7563 0400 0377 7737 0240 0077 6234 7540 
00200)2202 5602 6452 3121 6212 4777 7201 3120 
00210)4562 1142 7000 1276 3064 4532 1102 7041 
00220)1776 7650 5253 1055 7640 5240 1037 7640 
00230)5240 1102 7440 1177 7440 1375 7650 5774 
00240)1102 4562 0600 1102 7650 5250 4532 5240 
00250)1064 3276 5213 1064 3276 3114 4532 1102 
00260)1373 7450 5772 1371 7650 5772 4537 4365 
00270)4211 1576 7650 5770 4554 0203 7777 0000 
00300)3007 6214 1304 3322 6203 1025 7141 1351 
00310)7620 5314 4555 2317 1007 4346 3425 7240 
00320)1025 3025 7402 5677 0000 7300 6214 1304 
00330)3344 6201 2025 1025 7141 1352 7630 5342 
00340)4555 2325 4346 1425 7402 5724 0000 6211 
00350)5746 5750 6577 0256 0272 0273 0241 0277 
00360)0240 1655 0000 1023 2040 5354 1201 1201 
00370)1766 7746 4134 7537 2273 0027 6304 4000 
00400)0000 6214 1207 3243 6214 1250 3246 6203 
00410)4777 7201 4245 2200 3374 3123 4252 5231 
00420)2123 1774 7640 5216 4245 7650 2200 2200 
00430)5243 6201 3576 4245 7450 5227 1123 3012 
00440)6211 1412 3200 7402 5600 0000 7402 1600 
00450)6201 5645 0000 6201 1176 3375 1374 3313 
00460)7240 3245 1775 7650 5343 6211 1774 7012 
00470)7012 7012 3312 6201 1775 7012 7012 7012 
00500)4314 6211 1774 3312 6201 1775 4314 2374 
00510)2375 5265 0000 0000 0000 0175 7450 5344 
00520)7041 1312 0175 7650 5714 2245 5343 1176 
00530)3375 1576 1376 7640 5343 2375 7240 3114 
00540)1313 3374 5265 2252 6211 1774 2374 0175 
00550)7640 5345 5652 0000 1753 2353 3374 6214 
00560)1362 3372 6203 4777 4252 5370 2353 5372 
00570)6201 3576 7402 5753 0000 0000 6161 4044 
00600)3245 1245 1377 7640 5237 1376 3244 2244 
00610)7200 1644 7650 5235 1074 7650 5221 7240 
00620)1051 1644 7041 1112 7500 5207 3243 1030 
00630)4562 0646 2243 5227 5564 1174 7410 1245 
00640)4562 0646 5564 0000 0000 0000 3245 1245 
00650)5651 0654 5564 4251 7200 1245 4535 0352 
00660)1013 1245 4775 5253 1045 7640 5261 1245 
00670)4775 4251 7440 5277 4356 5313 5316 1177 
00700)7640 5255 4251 7450 4356 7410 5316 1177 
00710)7640 5321 1174 4775 1174 4775 7240 3064 
00720)5326 1174 4775 5255 1245 4775 1055 7640 
00730)5253 4251 7440 5336 4356 5253 1177 7650 
00740)5331 5255 4251 0173 4551 5350 7332 5261 
00750)1774 4775 5255 4356 5256 5253 0000 1055 
00760)7650 5366 4562 1200 2356 5756 1174 3245 
00770)1245 5756 1114 1405 6311 1000 6332 7567 
01000)0000 3334 1200 4556 1117 7650 5225 1005 
01010)7640 5221 1334 1177 7640 5221 1055 7650 
01020)5564 1334 4533 7000 5564 1334 4556 1334 
01030)1177 7650 5275 4777 5242 4777 1516 7006 
01040)7630 5266 1177 1516 7450 5276 1174 4556 
01050)7240 1117 3117 1005 7640 5235 4557 4533 
01060)5256 4562 3400 1056 4552 5327 1516 4556 
01070)1272 4533 0255 7344 1117 3117 1005 7650 
01100)5261 4777 1516 1177 7650 5276 2115 2005 
01110)1117 4556 4562 1200 4557 3334 1334 7650 
01120)5327 4557 4533 7410 5332 2334 5321 4557 
01130)3334 5204 4555 1705 0000 0000 1052 3051 
01140)1335 4556 1051 7041 7001 1053 3023 1376 
01150)3116 1023 7041 3117 1375 3774 3115 3005 
01160)1051 3112 5564 0000 3006 7301 1363 4556 
01170)1763 3363 1006 5763 2554 7574 6374 1651 
01200)1005 7650 5237 1054 7640 5235 1216 3242 
01210)4223 2063 5217 7240 3063 4243 7410 4277 
01220)2242 5210 5231 0000 1115 7041 1023 7640 
01230)5623 1063 7700 7240 3063 4562 3400 1056 
01240)4552 5564 0000 0000 1377 3100 1005 7041 
01250)3076 1500 2100 1177 7640 5266 2076 5251 
01260)5643 1500 2100 1177 7650 5271 2076 5261 
01270)5643 4223 1076 7450 5643 4345 5251 0000 
01300)1005 1377 3100 1005 7041 3076 7240 1100 
01310)3100 1500 1177 7640 5327 2076 5306 5677 
01320)7240 1100 3100 1500 1177 7650 5332 2076 
01330)5320 5677 2076 7410 5677 4223 1005 1076 
01340)7450 5677 7041 4345 5306 0000 3077 1005 
01350)1376 3101 1501 2101 3501 7344 1101 3101 
01360)2077 5352 2115 2005 4223 5745 0664 0664 
01370)0664 0664 0664 0724 0742 0753 6373 6374 
01400)0000 7300 1061 3047 4530 3102 1102 4535 
01410)6320 5240 1102 1177 7650 5344 1102 0172 
01420)1177 7700 5231 1043 7650 5276 4553 1103 
01430)5204 1102 4535 6305 7676 1102 4551 5267 
01440)1073 7640 5266 1072 7640 5262 1060 7650 
01450)5266 1050 7650 5266 1044 7640 5262 1064 
01460)7640 5266 1102 0173 1377 3102 3064 1047 
01470)7640 5276 1102 7104 7130 3102 3073 3072 
01500)5600 1776 7640 5235 3047 5204 1775 7640 
01510)5235 1174 5317 1774 7640 5235 4530 1171 
01520)3102 5266 1773 7640 5235 1050 7040 3050 
01530)5202 1772 7640 5235 7240 3073 5202 2125 
01540)3124 5204 2124 3102 7240 3050 1062 7040 
01550)3073 1102 7450 2072 1170 7650 5202 5277 
01560)0000 7300 1070 7640 5771 6212 4770 5760 
01570)3104 3010 6266 6260 6257 6256 6265 0040 
01600)0000 3101 1600 3077 1501 4556 7240 1101 
01610)3101 2077 5204 2101 1101 4556 1600 4556 
01620)2200 5600 0000 4557 3077 4557 3101 4557 
01630)3501 2101 2077 5227 5622 0000 4534 1102 
01640)4550 5635 4553 0712 4532 1102 4550 5635 
01650)5244 0000 7240 1116 3116 7240 1005 3005 
01660)1516 4777 2115 5651 7240 1115 3115 5651 
01670)0000 1270 4556 4562 4600 1005 7450 5317 
01700)7041 3323 1376 3013 1413 1177 7640 5313 
01710)2323 5304 5317 4562 3400 1056 4552 4775 
01720)1374 3773 5564 0000 4554 1631 0000 3365 
01730)3123 1726 2326 3014 7410 2123 1414 7450 
01740)5355 7041 1365 7640 5335 1726 7450 5726 
01750)1014 3326 1726 3326 5726 1365 7650 5345 
01760)1726 2326 7650 2326 5726 0000 4547 7240 
01770)3772 5566 0276 0651 0654 1135 6373 2157 
02000)4540 5266 5207 4542 5563 7240 5212 3576 
02010)4542 5777 3076 4547 4562 4600 1103 7041 
02020)1120 7700 5226 2076 5231 4546 1103 4552 
02030)5234 1103 1066 3066 5566 7240 3114 4537 
02040)5026 0000 5245 4554 0607 7240 1123 3324 
02050)1324 7510 5300 1376 3100 1114 3500 1114 
02060)7640 5275 4534 1102 4550 5565 1324 1375 
02070)3100 1102 0172 3500 4532 3776 3774 5566 
02100)7200 1376 3100 1373 3101 1372 3075 1114 
02110)7640 5316 1501 3500 4324 5312 1500 3501 
02120)7240 3500 4324 5316 0000 2100 2101 2075 
02130)5724 5275 7240 3114 1114 3045 1045 7640 
02140)5343 1771 7410 7240 3044 5566 0000 4542 
02150)5746 2346 1103 7540 5746 4554 0216 0000 
02160)0172 1177 7500 2357 1370 7640 2357 5757 
02170)0030 6114 7764 6270 6255 6304 6254 2243 
02200)7240 3242 4542 7410 5207 7201 3103 4547 
02210)1103 7710 5235 2242 5223 1056 3075 1103 
02220)2075 5217 3103 1103 7550 5243 4552 1056 
02230)1056 1120 7710 4546 5241 1103 1120 7540 
02240)4552 5566 0000 4554 0201 4542 5252 4777 
02250)1103 3057 3576 4542 5263 1103 1376 7740 
02260)5243 1103 3026 3576 4542 5272 1103 7510 
02270)5243 3027 7240 3103 4547 1127 7640 5311 
02300)1026 7450 5311 7500 5310 7240 1056 7130 
02310)4552 1056 3075 1027 2075 5313 7450 5324 
02320)7041 1120 7710 4546 1057 4775 7240 3064 
02330)7240 3774 2103 5773 5566 4540 4655 5341 
02340)5563 4547 4543 5243 7041 1120 7710 4546 
02350)5566 4532 1102 4535 6216 4142 4553 0503 
02360)5761 4134 0213 0253 2351 2351 0213 7163 
02370)5116 0756 0000 0240 0276 1135 7773 5420 
02400)7240 3114 1114 3054 1054 3210 4547 5243 
02410)0000 7240 3114 1114 3055 1055 7640 5222 
02420)1210 7410 7240 3054 4547 5243 7240 3114 
02430)1114 3046 1046 7640 5243 4543 5243 7200 
02440)1121 4544 3121 5566 1377 3012 1376 5265 
02450)1375 7410 1374 7410 1373 5263 1114 7640 
02460)5315 3065 1372 3012 1371 3075 1102 4550 
02470)5275 4534 7410 4532 1102 6211 7450 5312 
02500)3412 6201 2075 5273 4553 1014 4532 1102 
02510)7640 5306 3412 6201 5565 7240 3065 5243 
02520)7240 3114 1114 3041 5243 1370 3021 7410 
02530)7240 3042 5243 0000 3516 1516 2116 4767 
02540)5355 5347 2112 2115 2117 7410 2333 2005 
02550)2354 5733 4555 1514 7574 7240 1115 3115 
02560)7240 1117 3117 5347 2612 4116 0312 2157 
02570)0301 7700 5423 5646 5545 5322 7760 5524 
02600)7240 3354 4540 4574 5236 4547 4541 4777 
02610)2354 5223 1052 4544 4322 3051 4562 3400 
02620)1056 4552 5566 1053 4544 3103 4333 7240 
02630)1115 7041 1103 5215 7240 3354 3576 4541 
02640)2354 5257 1052 4544 4322 3103 1103 7041 
02650)1053 7750 5270 1103 3052 4547 5566 1053 
02660)4544 3103 4333 1103 7041 1052 7750 5272 
02670)4554 0215 1103 3053 5255 4541 1052 4544 
02700)4322 3354 3576 4541 1053 4544 3103 4333 
02710)1103 7041 1354 7700 5270 1354 3052 1103 
02720)3053 5255 0000 7540 5722 7200 4553 1415 
02730)0000 7201 5722 0000 1022 7041 1103 7750 
02740)5733 4553 2215 0000 1022 3103 5733 7240 
02750)3114 1114 3037 5256 0000 4561 4562 1142 
02760)4557 7450 5374 4557 3776 4557 4557 4533 
02770)7410 5374 2776 5366 5754 4536 4543 3735 
03000)1377 4560 7765 7240 3070 1361 3016 5776 
03010)1016 1362 7640 5216 4555 0630 1016 7040 
03020)1020 7650 5236 1113 7450 5232 7041 1016 
03030)7650 5242 4363 1416 6201 5775 7201 1361 
03040)3020 5256 1361 3016 4363 1513 2113 3416 
03050)1113 7041 1020 7640 5245 6201 4547 3070 
03060)4561 5774 1070 7650 5267 4555 0606 4541 
03070)4536 1056 3075 1103 7750 5773 1103 2075 
03100)5276 3075 1075 7041 1120 7550 5350 3120 
03110)1075 1071 3071 4530 3102 1102 7041 1772 
03120)7640 5325 5771 4530 3102 1102 4363 3420 
03130)6201 2020 1020 1362 7650 5346 1102 1170 
03140)7540 5323 1370 7710 5323 5313 4555 0617 
03150)7200 1067 7440 5356 1020 3113 1075 3067 
03160)5313 7777 6001 0000 6211 5763 7000 7427 
03170)0003 4133 6305 2243 3354 1567 5346 0064 
03200)0000 1576 7650 4777 1176 3313 3312 3104 
03210)3105 3106 3103 4270 3266 1266 1376 7450 
03220)5225 1375 7640 5231 7240 3104 7240 3106 
03230)5233 1266 7410 4270 1374 7540 5254 1373 
03240)7510 5254 3267 1103 7106 1103 7104 1267 
03250)3103 7240 3105 5233 7300 1105 7640 1104 
03260)7650 5600 1103 7041 3103 5600 0000 0000 
03270)0000 1713 2312 5302 2313 0175 1174 0175 
03300)1174 5670 7112 7012 7012 3314 7240 3312 
03310)1314 5275 0000 0000 0000 0000 7450 7001 
03320)7500 7041 3365 1315 4556 1365 4556 4562 
03330)4600 1167 4531 1372 4531 7240 1120 3120 
03340)1120 7640 5357 1070 7640 5771 1071 7450 
03350)5771 3120 3071 5770 1122 7650 4546 4767 
03360)4557 3365 2365 5325 5564 0000 2120 1135 
03370)3000 4502 0212 0011 7507 7776 7525 4044 
03400)4562 4600 1377 3015 1005 7450 5277 7041 
03410)3306 3127 4314 3310 1415 3307 1307 4531 
03420)1307 7700 5234 1305 7710 5230 2310 5234 
03430)1313 4531 1304 4531 2306 5214 1310 7650 
03440)5277 1305 7750 5277 1167 4531 7344 1305 
03450)7650 4776 4314 1377 3015 1005 7041 3306 
03460)1415 7450 5277 7500 5270 7200 1304 5274 
03470)4775 5301 5275 1174 4531 2306 5260 4774 
03500)5564 2015 2306 5275 0337 0001 0000 0000 
03510)0000 0000 0000 0210 0000 4773 1121 7110 
03520)7240 7430 1312 1311 1051 4327 5714 0000 
03530)7450 5727 7041 3352 1174 4531 2352 5334 
03540)5727 0000 6201 1741 3347 6212 4772 0000 
03550)2341 5741 0000 7300 1752 3357 4553 0000 
03560)5566 1544 1542 1542 1537 1544 4553 6304 
03570)4001 3441 3613 5257 1135 2157 4750 6373 
03600)7240 3114 1114 3040 1040 7640 5224 4534 
03610)1102 4550 5224 4537 5207 3177 1576 7640 
03620)5225 1114 7440 3040 5566 4554 1004 1377 
03630)0031 1123 3031 5213 1377 1123 7106 3123 
03640)1376 5230 7410 7330 3123 7350 5230 7410 
03650)7332 3123 7352 5230 1174 3775 1374 5262 
03660)1373 3775 3123 1372 5230 4537 4177 4207 
03670)4542 7410 5316 1576 7640 5563 5301 1333 
03700)1334 3771 4536 4547 1165 4556 4335 1771 
03710)4770 4562 3400 1056 4552 5564 1022 4544 
03720)5301 4541 1052 4544 3333 3576 4541 1053 
03730)4544 3334 5277 0000 0000 0000 4532 1102 
03740)7450 5735 1367 7650 1366 1102 4533 5336 
03750)4553 1414 4532 1102 7640 5352 5735 0000 
03760)6046 6041 5361 7300 5757 3644 0027 7567 
03770)4000 4025 6777 0255 1000 5032 7763 7774 
04000)0000 7450 1022 3225 1115 7041 7001 1225 
04010)7110 3051 1022 7041 1115 1051 7750 5600 
04020)1115 7041 1022 3051 5600 0000 0000 7600 
04030)1626 3233 4553 0000 6212 5777 4547 1122 
04040)7650 4546 6212 5776 0000 1176 3337 3737 
04050)1375 3340 3341 4534 7410 4532 1102 4535 
04060)6215 0007 1340 7650 5255 1102 4774 7610 
04070)5274 1102 0175 5276 1102 0373 2341 5307 
04100)1737 3737 2337 3737 2340 7000 5255 7106 
04110)7006 7006 3737 7240 3341 5255 1576 1372 
04120)7640 5325 1771 7650 5253 5644 4532 5325 
04130)6212 4770 5325 7240 6212 4770 5565 0000 
04140)0000 0000 4547 4541 1056 7041 4544 3103 
04150)1103 7550 5767 1366 7740 5767 1103 7041 
04160)3056 5566 6012 3674 2100 4566 7773 2243 
04170)2066 6235 6161 0037 4341 7760 3467 3503 
04200)4537 5303 3552 4541 1377 4560 7774 4547 
04210)1127 7650 4546 4561 1121 4544 7500 5222 
04220)4554 2007 1004 3121 3004 5566 7201 1121 
04230)7010 7204 3004 5203 4541 1024 4544 3103 
04240)1103 1376 7700 5246 4554 2023 1103 3024 
04250)3576 4541 1022 4544 3103 1103 1375 7740 
04260)5244 1103 7041 1052 7700 5244 1103 3022 
04270)1103 3053 4547 5566 1374 1373 3312 4541 
04300)1712 4544 3712 2312 3576 4541 1712 4544 
04310)3712 5566 0000 0000 0172 1372 7540 5323 
04320)1371 7700 2313 7300 5713 0000 1325 4556 
04330)1120 4552 5564 0000 7440 1370 7640 2333 
04340)5733 0000 0172 1367 7540 5351 1371 7700 
04350)2341 7300 5741 7240 3114 4540 5276 5361 
04360)5563 1114 3043 5566 1116 3326 2105 7406 
04370)7505 0031 7446 0034 7776 7574 7757 0106 
04400)0000 1041 7640 5275 3120 4332 1040 7640 
04410)5237 1034 7440 4552 1031 7104 4777 7200 
04420)1110 7650 5237 1035 7440 4552 1376 3301 
04430)1300 4531 2301 5230 1167 4531 5241 1375 
04440)4531 1107 7650 5256 6212 4774 1373 4772 
04450)6031 5250 6036 1371 7640 5250 4770 1042 
04460)7640 5273 1021 1367 7640 5271 4553 0214 
04470)7410 2021 7410 2121 7000 7240 3122 5600 
04500)0255 0000 4200 4766 4557 5564 1123 1365 
04510)3100 1500 7640 5764 1123 1363 3100 1500 
04520)3100 1072 3500 3072 1123 1362 3100 1500 
04530)3100 5500 0000 1005 7041 3343 1005 7450 
04540)5344 1361 4560 0000 1005 4556 1360 4560 
04550)7775 7201 3052 1022 3053 4766 5732 6367 
04560)0053 6373 6200 6327 1476 6264 1135 7446 
04570)2754 7560 3757 0207 3035 0214 7772 5000 
04600)1122 7650 5564 3122 7240 3127 4777 1041 
04610)7640 5304 3120 1365 7440 4350 1040 7640 
04620)5304 1032 7440 4552 1031 7104 7020 4776 
04630)1065 7640 5266 7330 3117 1121 7110 7630 
04640)1375 1374 3244 4773 5545 5250 4337 5256 
04650)4773 5423 5256 4772 4562 3400 4552 4773 
04660)5322 5265 4772 4562 3400 4552 1033 7440 
04670)4552 7240 3127 1065 7650 7326 7001 1032 
04700)1033 1034 1035 7041 1024 3120 1070 7640 
04710)5333 1066 7041 1120 7750 5335 1066 7440 
04720)4552 3066 1067 7041 1120 7510 5335 3120 
04730)1067 3071 3067 4771 5564 4555 2006 0000 
04740)1054 3350 3054 4562 1200 1350 3054 5737 
04750)0000 7450 7001 7041 3076 1370 4531 2076 
04760)5355 5750 4543 3365 5566 0000 3420 2076 
04770)0212 2754 4000 5722 5545 0101 5000 4532 
05000)0000 7620 5311 7240 1121 7510 5311 1036 
05010)7510 5311 7200 1046 7640 5311 7340 4316 
05020)1031 0377 4312 5233 1376 1375 1374 3231 
05030)4773 0000 0255 1031 7006 7200 1121 7430 
05040)4772 4545 5744 1042 7640 5250 1021 4771 
05050)1031 7006 7700 5262 7201 3051 7300 4316 
05060)4770 5311 1031 7012 0377 4312 5302 5275 
05070)5305 1121 7110 7620 5302 7240 1115 7041 
05100)1022 7410 7201 3051 7410 4767 4562 3400 
05110)4552 5600 0000 1312 3312 5712 0000 3356 
05120)1031 0366 3312 7001 0121 1312 7010 1365 
05130)7450 5335 7010 1364 7650 7001 1356 7650 
05140)5716 1356 7640 5346 1232 4771 4773 5524 
05150)5716 2356 5716 1232 4771 5716 0000 0111 
05160)3646 0061 6120 4350 3775 7400 1014 4000 
05170)4737 5744 5437 5722 3540 7764 0006 0003 
05200)1114 7640 5241 1377 3243 1376 3244 3312 
05210)3576 4542 5217 1643 2243 4544 3643 1643 
05220)7510 5235 7041 1312 7700 5235 1102 4550 
05230)5240 1643 3312 2244 5210 4553 2423 3643 
05240)5566 3775 5240 0000 0000 4537 5166 3546 
05250)1576 7450 5200 5563 7240 3074 5240 0000 
05260)1126 7640 5657 3077 1125 4545 5305 1374 
05270)4531 1124 4545 5305 1077 7040 1311 7500 
05300)5303 4553 2315 4773 5657 0000 2077 4531 
05310)5705 0006 0000 6211 3772 6201 1712 3330 
05320)2312 6201 6212 4771 7450 5712 4730 5321 
05330)5744 0000 3345 1105 7650 5343 1106 7640 
05340)1345 1103 5731 1345 5731 0000 7201 3052 
05350)1022 3053 7240 3056 3057 7240 3060 7240 
05360)3062 7240 3061 3054 3055 4770 5565 6230 
05370)1135 3700 3750 3527 0256 6333 7740 6332 
05400)0000 1102 1177 7450 5210 1377 7640 5600 
05410)4532 5201 4541 4547 4220 1103 4776 5566 
05420)0000 7240 1103 1052 7700 5230 4554 0215 
05430)1053 7041 1103 1052 7700 5226 5620 0000 
05440)0375 3343 2237 2237 1374 3100 1373 3076 
05450)1372 3077 5277 1500 1343 7510 5263 3343 
05460)1476 4771 7330 2100 1500 7510 5274 3343 
05470)1477 4771 1476 4771 2076 2077 2077 7200 
05500)1500 7041 1343 7510 5311 3343 1476 4771 
05510)5277 2100 2100 1500 7510 5323 3343 1477 
05520)4771 1476 4771 7200 1343 7750 5637 7240 
05530)1100 3100 2076 5253 1750 7014 0144 7716 
05540)0012 7773 0001 0000 0000 0355 0344 0343 
05550)0354 0370 0366 0351 4557 3007 5407 4540 
05560)5005 5363 5563 1114 3036 5566 3200 4041 
05570)2401 5744 5547 5545 5534 3777 1135 0027 
05600)4224 1127 7650 4552 1103 7041 1053 3053 
05610)4255 1052 1053 3777 4562 3706 4552 5565 
05620)4224 4255 4547 5304 0000 4547 1376 1305 
05630)7700 5306 1127 7650 4552 1375 4560 7774 
05640)4542 7410 5250 1305 7650 1374 1373 3103 
05650)2305 1103 1052 3052 5624 0000 1052 7041 
05660)1376 1376 1053 7740 5655 4553 1615 4561 
05670)1375 4560 7774 5655 7240 1305 7510 5306 
05700)3305 4561 4547 4552 5566 0000 4554 1623 
05710)4537 5132 5122 1576 7450 5274 5563 4547 
05720)3122 5772 0000 7240 3343 1722 2322 3011 
05730)6211 1411 6201 7450 5340 4344 3343 5330 
05740)2343 2322 5722 0000 0000 4533 5744 4553 
05750)1410 5771 7240 3114 1114 7650 1171 1174 
05760)3030 5566 4542 0441 0047 5602 0141 6772 
05770)0231 5111 0203 0004 0005 0055 7773 4025 
06000)0000 3220 1111 7650 5213 1220 4777 5213 
06010)1220 0173 3220 7300 1220 6212 4776 5600 
06020)0000 1775 7640 5774 5231 1773 7640 5774 
06030)7240 3072 4530 3102 1102 4535 6313 0000 
06040)5772 1072 7040 3073 5771 1770 7640 5774 
06050)1367 3102 5766 1765 7640 5260 3271 5764 
06060)1102 4535 6312 7676 5774 1763 7640 5774 
06070)5762 0000 7240 3103 4540 5273 5302 5563 
06100)7240 3103 1103 3060 5566 7240 3114 1114 
06110)3044 1044 3314 5566 0000 0000 4541 1105 
06120)7640 2315 5715 1761 7640 5342 4543 7000 
06130)3761 3576 4543 5313 3760 1761 7041 1760 
06140)3760 5313 4543 5313 7200 3576 4543 5313 
06150)7200 5313 7077 5365 3240 4467 2006 5260 
06160)3512 3511 1402 6263 1404 6262 1500 1655 
06170)6261 1406 4506 6267 1435 6264 3000 4341 
06200)1402 1402 1531 1402 1506 1513 1522 6045 
06210)6053 6065 6021 1501 1531 6025 0254 0241 
06220)0273 0256 0240 0211 0000 4126 4130 4125 
06230)4125 4116 4116 4125 0000 0000 0000 0000 
06240)0000 0000 0000 0000 0000 0000 0000 0000 
06250)0000 0000 0000 0000 0000 0000 7777 7777 
06260)7777 7777 7777 7777 7777 7777 7777 7777 
06270)0000 0000 0000 0000 7777 7777 7777 7777 
06300)0000 0000 7777 0000 0256 0241 0243 0337 
06310)0274 0255 0276 0276 0336 0246 0247 0334 
06320)0000 0211 0212 0213 0214 0215 0000 0060 
06330)0061 0062 0060 7632 3002 7776 1000 3226 
06340)7267 5746 3503 7277 0033 6252 2663 7215 
06350)5671 3673 4544 7677 5431 7757 5767 6605 
06360)4200 7162 4560 5027 4040 4566 1020 4576 
06370)3540 7771 0040 7476 4640 7361 5560 4275 
06400)0000 7300 1777 0227 7450 5212 7112 7010 
06410)7001 5243 6201 1251 7006 7004 0227 1242 
06420)3221 6201 1647 7000 3221 1223 3647 0070 
06430)1647 7400 1231 1250 7640 5242 1221 3647 
06440)2251 5212 1251 6211 3776 6213 5600 6431 
06450)1400 0001 5272 4775 6212 4774 0010 6212 
06460)4773 0005 2217 6212 4772 6212 4771 1370 
06470)3767 5766 6211 1765 6201 7700 5254 5263 
06500)3762 5617 3563 6253 2662 6612 7462 3642 
06510)7333 3733 3026 6720 5000 4273 5351 3652 
06520)2222 5362 0324 1260 4203 6633 2102 7063 
06530)0061 4720 4160 6261 0201 5776 2362 6631 
06540)0653 2557 2623 7777 4276 6673 7231 7674 
06550)1477 2676 7644 7375 6031 5636 6764 2142 
06560)1630 2626 7041 7775 0030 7642 0204 0202 
06570)7604 6624 2000 0200 7700 6600 2065 7777 
06600)0000 1377 3010 1410 7450 5210 4776 5203 
06610)6031 5600 6032 5203 0322 0325 0316 0317 
06620)0306 0306 0240 0326 0260 0266 0302 0215 
06630)0212 0000 0303 0317 0320 0331 0322 0311 
06640)0307 0310 0324 0240 0261 0271 0267 0265 
06650)0215 0212 0327 0305 0323 0324 0240 0326 
06660)0311 0322 0307 0311 0316 0311 0301 0240 
06670)0325 0316 0311 0326 0305 0322 0323 0311 
06700)0324 0331 0215 0212 0315 0301 0311 0316 
06710)0324 0301 0311 0316 0305 0322 0272 0240 
06720)0324 0256 0240 0327 0256 0240 0315 0303 
06730)0311 0316 0324 0331 0322 0305 0215 0212 
06740)0000 5073 3260 2246 7404 4342 1222 6772 
06750)3002 7473 0442 7177 1465 3260 3440 7631 
06760)6010 3260 5452 1226 0445 2444 4040 3231 
06770)0050 6456 3066 4366 4000 3064 3757 6613 

# JSW 2000
# START 00200
