#!/bin/sh
exec os8 $0 $*
# fortx.0/sabr.sv

# Segment 0: 3 pages
20000)0163 3053 0102 2331 1500 3600 3052 0122 
20010)0700 1464 3412 0116 0400 0000 3053 0214 
20020)1703 1300 2600 3052 0301 1414 1400 3053 
20030)0317 1515 1600 1600 3112 0311 0100 7041 
20040)3012 0314 0100 7200 3112 0314 1400 7100 
20050)3112 0315 0100 7040 3112 0315 1400 7020 
20060)3053 0405 0311 1500 4735 3053 0425 1515 
20070)3100 5534 3412 0403 0100 3000 3052 0501 
20100)2000 6375 3052 0516 0400 0534 3053 0516 
20110)2422 3100 6662 3053 0617 2224 2200 3357 
20120)3212 1014 2400 7402 3051 1106 6332 3053 
20130)0320 0107 0500 2633 3432 1123 3200 2000 
20140)3412 1116 0300 2000 3112 1101 0300 7001 
20150)3012 1117 0600 6002 3012 1117 1600 6001 
20160)3412 1215 2000 5000 3412 1215 2300 4000 
20170)3012 1322 0200 6036 3032 1323 0600 6031 
20200)3052 1401 2000 6372 3112 1617 2000 7000 
20210)3053 1703 2401 1400 4740 3053 1720 0405 
20220)0600 3605 3212 1723 2200 7404 3052 2001 
20230)0705 0334 3053 2001 2523 0500 4316 3012 
20240)2014 2300 6026 3032 2023 0600 6021 3053 
20250)2205 1722 0700 0345 3053 2205 2422 1600 
20260)4257 3112 2201 1400 7004 3112 2201 2200 
20270)7010 3012 2206 0300 6014 3012 2222 0200 
20300)6012 3032 2223 0600 6011 3112 2224 1400 
20310)7006 3112 2224 2200 7012 3232 2313 2000 
20320)7410 3053 2313 2004 0600 3604 3232 2315 
20330)0100 7500 3232 2316 0100 7450 3232 2316 
20340)1400 7420 3232 2320 0100 7510 3112 2324 
20350)0100 7240 3112 2324 1400 7120 3232 2332 
20360)0100 7440 3232 2332 1400 7430 3232 2320 
20370)0300 7710 3412 2401 0400 1000 3052 2405 
20400)3024 1657 3012 2414 2300 6046 3032 2423 
20410)0600 6041 0452 0103 1000 0020 0452 0103 
20420)1500 0021 0452 0103 1400 0022 0451 1100 
20430)0400 0000 0000 0000 1121 1241 2240 1551 
20440)0000 0000 0000 0000 0000 0000 0000 0000 
20450)0000 0000 0000 0000 0000 0000 0000 0000 
20460)1073 0540 1413 5753 0000 0000 0000 0000 
20470)0000 0000 0000 0000 0000 0000 0000 0000 
20500)0000 0000 0000 0000 0000 0000 0000 0000 
20510)0160 0701 1254 1416 0702 1302 0463 0031 
20520)1140 0054 0271 0334 0000 0000 0000 0000 
20530)0664 2116 1747 6677 0000 0000 0000 0000 
20540)0000 0000 0000 0000 0000 0000 0000 0000 
20550)0000 0000 0000 0000 0000 0000 0000 0000 
20560)0000 0000 0000 0000 0000 0000 0000 0000 
20570)0000 0000 0000 0000 0000 0000 0000 0000 

# Segment 1: 29 pages
10000)0001 0000 0000 0000 7771 0150 7577 0431 
10010)0000 0000 0000 0000 0002 0004 0003 0130 
10020)0030 5306 5550 1323 4726 3706 4705 0600 
10030)1000 3000 4507 2001 4764 3664 3400 6254 
10040)6443 4000 6400 2000 0442 0400 2200 2400 
10050)2224 3713 5000 1347 4772 1060 2532 0000 
10060)0000 0000 0000 0000 0000 0000 0000 0000 
10070)0000 0000 0000 0000 0000 0000 0177 0200 
10100)0000 0000 0000 0001 0001 0000 0000 0000 
10110)0000 0000 0000 0000 0000 0000 0000 0000 
10120)0000 0000 0000 0000 0000 0000 0000 0000 
10130)0000 0000 0000 0000 0000 0000 0000 0000 
10140)0000 0000 0000 0000 0000 0000 0000 0000 
10150)0000 0000 0000 0000 0005 0007 0010 0020 
10160)0040 0077 0100 0177 0200 0240 7600 7524 
10170)1645 7776 7775 6776 7176 2710 2711 2677 
10200)7000 4600 3110 3726 4725 4430 7410 4727 
10210)4443 4733 3060 4452 1140 6201 3520 6211 
10220)1146 7640 1160 1517 3123 1141 7640 1045 
10230)1123 3123 1145 7640 5242 1143 7650 5245 
10240)1015 5270 1156 1123 3123 1171 1142 7440 
10250)5256 1157 1123 3123 1150 5264 7001 7640 
10260)5263 1014 5252 1142 3521 1144 7640 1043 
10270)1123 3517 1137 7640 4444 4422 1166 7750 
10300)5316 4731 1112 3111 7240 1122 3122 4445 
10310)4776 4732 4730 4430 3444 5211 1111 3112 
10320)1110 7640 4724 5207 5650 4327 1562 3550 
10330)4217 4200 2215 0762 4446 7240 1122 7450 
10340)5343 3122 4445 4776 5370 4427 7000 7410 
10350)7610 5575 4446 1150 0166 7450 5575 3374 
10360)7240 1122 7450 5366 3122 4445 1374 3077 
10370)4732 1375 3033 5434 0000 0205 3172 6457 
10400)0000 5633 1110 7640 5235 4632 1227 3025 
10410)1230 3036 3057 1063 3234 4631 1227 3036 
10420)1230 3025 2057 1234 3063 4631 5600 3400 
10430)3706 5400 3536 6725 0000 4640 4641 5600 
10440)5422 5517 0000 1116 7440 5730 4727 3074 
10450)1122 7041 3200 6201 1520 6211 3140 1517 
10460)0160 3146 1517 0043 3144 1517 0015 3143 
10470)1517 0156 3145 1517 0045 3141 1517 0157 
10500)7112 7440 5305 1517 0014 7110 7450 1521 
10510)3142 1521 3150 1517 0331 7650 5321 7240 
10520)3147 4452 2200 7410 5642 4732 5253 1041 
10530)6424 0201 6701 4323 1106 7740 5733 7240 
10540)1122 7450 5352 3122 1077 1164 7650 4577 
10550)2102 4200 4436 0062 0010 1110 7640 5367 
10560)4774 6202 5777 4773 4641 7000 5772 4455 
10570)6203 5776 0205 4327 4714 5524 7430 7401 
10600)0000 7040 1010 3010 1105 3126 7040 3355 
10610)4754 5264 5217 4453 0751 0011 5576 2355 
10620)5576 3150 3123 3125 1005 3012 2123 1123 
10630)1004 7700 5251 1061 0161 2125 5242 1124 
10640)3412 5251 7106 7006 7006 3124 7040 3125 
10650)2150 4754 5226 5226 2125 5260 1124 3412 
10660)1756 7700 4753 5350 3123 1061 1352 3124 
10670)1105 7640 5302 1124 1004 7740 5576 1123 
10700)7106 5305 1123 7106 1123 7004 1124 3123 
10710)4754 5265 5576 1123 2355 7041 3150 1126 
10720)3105 5347 4426 7450 5575 3123 4426 7200 
10730)1123 5314 4757 4754 5264 7000 4453 0737 
10740)0033 5576 3355 5333 7001 3105 5333 4757 
10750)4757 5600 7520 4400 4546 0000 6362 6746 
10760)2712 1562 0000 1761 7700 5762 2761 7000 
10770)5760 0000 1761 7700 5760 2761 7000 5771 
11000)0000 7201 3122 3116 3071 3070 3075 3113 
11010)4241 7240 3636 7201 3637 1101 7440 5222 
11020)3064 3063 3517 3521 6201 3520 6211 1043 
11030)3066 3074 1235 3033 5600 2001 5751 5752 
11040)7567 0000 1174 3117 1174 7001 3121 1164 
11050)3120 7240 3073 7201 3072 7240 3147 5641 
11060)0000 1130 7650 5353 1133 7640 5272 4423 
11070)4423 5274 1135 4435 1131 4423 1132 7640 
11100)5304 4423 4423 5306 1136 4435 1165 4454 
11110)1134 4423 6201 1764 6211 7650 5353 4423 
11120)1165 4454 1170 3011 3127 6201 1411 6211 
11130)7450 5353 3061 1061 1240 7650 5343 2127 
11140)1061 4454 5325 1165 2127 4454 1127 0155 
11150)7640 5343 5325 4424 3132 3131 3133 3134 
11160)6201 3764 6211 5660 1646 0000 1517 0162 
11170)7650 5374 7001 3147 1145 1143 5765 4532 
11200)3234 1517 0014 7640 5241 1517 0157 7650 
11210)5236 1521 3123 1517 0162 7650 5223 7001 
11220)3147 7001 5227 1517 0030 7650 5231 1154 
11230)3234 4456 4436 0123 0000 7410 4253 5715 
11240)3445 1521 3151 7001 3150 4640 0163 1077 
11250)3123 2234 5231 0000 3302 1057 7650 5653 
11260)1521 3142 4432 0142 1001 0045 7650 5304 
11270)1001 0031 7640 2302 4722 1002 3123 4456 
11300)4436 0123 0000 5653 1142 3716 1065 3717 
11310)4722 7106 3721 4720 5276 5737 3353 3354 
11320)3315 3352 6324 0000 3123 1123 7012 7012 
11330)7012 4335 1123 4335 5723 0000 0161 7450 
11340)5344 5746 4454 5735 1165 5342 3363 0000 
11350)7200 1747 3011 2347 6201 1411 7510 5374 
11360)7041 1061 7640 5355 1011 6211 1747 3347 
11370)6201 1747 3347 7410 2347 7300 6211 5747 
11400)4427 7000 7410 1061 1167 7640 5216 1150 
11410)3361 2010 4427 7410 5217 7000 5575 4446 
11420)4451 3367 1137 3441 1361 7041 3362 1361 
11430)7104 1361 1014 4763 7410 4430 1441 3137 
11440)4421 1517 1020 3517 1365 3521 4351 1017 
11450)3517 7001 3073 7001 3147 1361 7106 7006 
11460)7006 1367 3521 5326 4427 5575 5275 5273 
11470)4446 4447 7040 1014 7410 1003 3142 4446 
11500)4764 1020 3517 4421 1350 3521 1171 1142 
11510)7450 5334 7001 7650 5330 4432 0142 1001 
11520)0160 7650 4367 4343 1142 3521 4351 5440 
11530)4367 4343 1014 5336 4343 1157 1517 3517 
11540)1150 3521 5326 0000 4351 1156 3517 5743 
11550)6211 0000 1110 7640 4757 4760 5751 5650 
11560)3550 0000 0000 2646 0771 4033 7770 0000 
11570)1517 1030 3517 1521 1366 3521 5767 0625 
11600)4427 7000 7410 7610 5575 4446 1137 7650 
11610)5245 4432 0137 1001 0016 1256 3001 1150 
11620)7650 5241 1076 1150 3123 1123 0166 1164 
11630)7630 4577 1076 7001 3002 1123 3076 1002 
11640)5434 1076 7001 3002 5237 1076 1150 3076 
11650)1076 0166 1164 7630 4577 5237 0440 1106 
11660)7740 5433 4426 4453 0756 1006 1061 7041 
11670)3371 3372 1010 3351 4426 7450 5575 1371 
11700)7650 5304 2372 5274 4426 7200 4446 4765 
11710)1372 7001 7110 4770 7610 4430 4766 4421 
11720)1372 7041 3372 1351 3010 3371 4426 0161 
11730)2371 7410 5342 7106 7006 7006 3153 7040 
11740)3371 7410 4351 2372 5326 2371 7410 4351 
11750)5440 0000 1153 3521 1020 1517 3517 1010 
11760)3153 4767 1153 3010 5751 4200 4217 1551 
11770)2646 0000 0000 0000 1110 7640 4455 5773 
12000)0000 4764 3137 3145 3140 3146 3141 3144 
12010)3143 3444 2067 2010 4427 5372 5227 5222 
12020)4447 7040 1014 2145 3142 4446 5600 1061 
12030)1167 7640 5246 4770 7410 5575 1003 3137 
12040)2010 4427 5765 5246 5222 5220 4770 5305 
12050)1001 0160 7640 5374 1001 0045 7650 5325 
12060)1001 0157 3146 1002 3140 7410 2141 4427 
12070)5575 5275 7001 7001 5224 1003 7041 1363 
12100)7650 5266 4770 5306 5575 2145 1061 1371 
12110)7640 5315 2144 4426 7200 1003 5224 4770 
12120)5575 1001 0366 7640 5575 1001 0367 7450 
12130)5343 3123 1143 7450 5341 7041 1123 7640 
12140)5575 1123 3143 1002 7040 0140 1002 3140 
12150)1001 0157 7640 2146 4427 5361 5317 7000 
12160)5575 2143 5224 0426 4600 2435 0440 0300 
12170)6737 7535 4446 5434 1002 3123 5523 5766 
12200)0000 7410 4426 4453 0754 1013 5575 1010 
12210)3107 1106 7740 5433 5600 0000 1110 7650 
12220)5615 1077 3065 5615 0000 1116 7440 5265 
12230)1116 1312 7700 4577 1116 1173 3115 2116 
12240)1003 6231 3515 6211 1115 3114 1110 7650 
12250)5263 4432 0003 1002 0166 7041 1077 7640 
12260)5263 1041 2224 3514 5624 7041 3123 1173 
12270)3124 6231 1524 6211 7041 1003 7650 5304 
12300)2124 2123 5271 5230 2224 1124 3115 1115 
12310)3114 5624 7600 0000 1110 7640 5713 1365 
12320)3054 3151 3152 3153 1005 3011 1003 3012 
12330)1001 0016 7041 3126 6221 1412 6211 3411 
12340)2126 5334 1005 3012 1172 3126 1412 4423 
12350)2126 5346 1366 3054 5713 0000 3224 1224 
12360)1062 3062 1224 4442 5755 2355 4772 0000 
12370)3774 3775 3067 5767 4545 5364 5732 1200 
12400)0000 7200 1071 7440 5216 1030 1071 3123 
12410)1150 6201 3523 2071 6211 5600 7041 3123 
12420)7040 1030 3011 6201 1411 6211 7041 1150 
12430)7650 5600 2123 5223 5205 4446 1137 7650 
12440)5434 6201 1060 7640 5251 1064 3273 3673 
12450)2064 1137 3464 2673 6211 4421 7240 1066 
12460)3066 2060 7040 1517 0275 1164 3517 1114 
12470)3101 2064 5434 0000 3017 7577 0000 1517 
12500)0164 7650 5676 7040 3147 1323 3431 4324 
12510)7041 3332 4324 5674 4450 7000 4722 2332 
12520)5312 5676 5571 2514 0000 6201 1463 2063 
12530)6211 5724 0000 1110 7650 5732 2332 1732 
12540)3136 1536 3136 2132 2332 1732 3134 1134 
12550)7450 5367 7012 7010 0155 1376 7106 7006 
12560)7006 3135 1134 0155 1376 1135 3134 1065 
12570)3135 2133 2130 4455 2332 5732 0060 4051 
12600)4427 5630 7410 7610 5575 4446 4667 5632 
12610)4246 7610 4430 4670 3060 4421 1150 7041 
12620)3231 1020 1517 3517 4672 2231 5221 5440 
12630)2435 0000 6710 4427 7000 7410 7610 5575 
12640)4446 4671 1150 4246 5433 5673 0000 3123 
12650)4422 1123 1275 7750 5646 7240 1122 7450 
12660)5264 3122 4445 4674 4676 2246 5646 4200 
12670)4217 1773 1551 0205 3172 7577 2215 0000 
12700)5302 1377 2277 1027 5307 1137 3770 1045 
12710)1027 1164 1162 3131 1110 7640 5356 4424 
12720)1131 4423 1371 4423 4423 1770 3151 6221 
12730)1551 2151 0016 7040 3152 1172 3153 2152 
12740)7410 5373 6221 1551 6211 2151 4423 2153 
12750)5337 1372 4454 1067 4435 4424 1277 7650 
12760)5363 6203 5566 1113 7640 5767 5434 5745 
12770)5364 0124 0253 4423 2153 5373 5351 6200 
13000)0000 1517 7010 7620 5600 7040 3147 1110 
13010)7041 1066 3066 6201 1466 6211 2066 3137 
13020)4432 0137 1057 7640 5232 1001 0045 7640 
13030)5763 5242 1001 0164 7650 5242 4436 0065 
13040)0003 4760 1065 3002 1001 0361 1045 3001 
13050)1006 7040 1362 7450 5600 7041 3123 1006 
13060)3124 6201 3372 2124 7040 1524 7640 5273 
13070)2372 2124 2123 1524 7041 1003 7650 5306 
13100)2124 2123 2123 5262 6211 5600 2124 1524 
13110)6211 3126 4425 0126 0004 1002 1372 3126 
13120)4425 0126 0001 6201 1006 3126 1124 3006 
13130)1372 1014 7041 1124 7041 1126 7450 5301 
13140)3125 1125 7041 1126 3126 1526 3406 7040 
13150)1126 3126 7040 1006 3006 2125 5345 5301 
13160)2313 7377 7600 2705 0000 6026 6021 5366 
13170)7200 5764 0000 7200 1077 1164 3077 5772 
13200)0000 1057 7650 5600 4755 1070 7450 5600 
13210)7041 3351 7240 1045 3012 1102 7640 5222 
13220)1111 7110 1070 7041 3356 1356 1077 1164 
13230)3065 1070 7104 1045 3356 7001 7410 2065 
13240)1172 1356 3356 6201 1756 3352 2356 1756 
13250)3353 6211 7240 1352 7640 5267 4774 4456 
13260)4436 3353 0000 2351 5237 2065 5600 4432 
13270)3353 1001 0045 7650 5311 4774 1352 0015 
13300)7640 7001 1002 3353 4456 4436 3353 0001 
13310)5263 1065 3354 4315 5263 0000 1006 7141 
13320)7001 1007 7630 4577 1171 1006 3006 1006 
13330)3011 6201 1353 3411 1354 3411 1352 0015 
13340)7650 5347 7001 3406 7040 1006 3006 6211 
13350)5715 0000 0000 0000 0000 4743 0000 2106 
13360)7000 4446 5434 3124 1124 0160 7650 1162 
13370)1164 1124 5773 1342 6363 7423 3756 7617 
13400)0000 7300 1600 3141 2200 1600 7006 7006 
13410)3127 1110 7640 5232 1541 3141 1141 7006 
13420)7006 7004 0244 1127 4234 4442 1141 0243 
13430)4234 4442 2200 5600 0000 3144 1062 1144 
13440)3062 1144 5634 0377 0017 0000 7200 3124 
13450)6201 1070 7440 5304 1070 7104 1045 3123 
13460)2070 1150 3523 2123 1151 3523 1070 3123 
13470)1110 7640 5332 1102 7650 1111 7110 1123 
13500)7041 0243 6211 5645 7041 3123 7240 1045 
13510)3011 2124 1411 7041 1150 7640 5326 1411 
13520)7041 1151 7640 5327 1124 5267 2011 2123 
13530)5311 5254 6211 1735 5276 5515 0000 1104 
13540)7650 5736 3104 4436 0076 0012 5736 4067 
13550)0000 2122 4766 3101 3517 3521 6201 3520 
13560)6211 1146 3072 1147 3073 5750 6701 4437 
13570)1065 0163 1376 3123 5775 6016 5204 7146 
13600)1045 4242 7200 5226 1157 1241 4242 7100 
13610)0247 1043 7650 5226 7420 5236 1150 0240 
13620)7110 7650 5234 7430 1162 1164 1127 3001 
13630)1150 3002 1002 5434 1162 5226 1045 5226 
13640)0401 3010 0000 3127 4427 5260 5251 7000 
13650)5260 1150 1127 3127 4427 7000 7410 7410 
13660)5575 4446 1150 5642 0000 3123 1304 3124 
13670)1123 7006 7004 3123 1123 7004 0155 1305 
13700)4454 2124 5270 5664 7774 0260 0000 7300 
13710)2306 2306 5706 0000 1100 1316 7700 4577 
13720)1100 7440 5341 7240 2100 1027 1100 3123 
13730)1003 6201 3523 6211 1001 0375 1043 3001 
13740)5365 7041 3124 3125 7240 1027 3011 2125 
13750)6201 1411 6211 7041 1003 7650 5362 2124 
13760)5347 5323 1125 5713 3536 4764 4436 3776 
13770)0017 4774 1100 5713 2313 0403 0001 3322 
14000)0000 3125 1777 7610 5207 1042 3054 4424 
14010)1375 3127 1172 3150 1005 3011 7040 3411 
14020)2150 5216 1016 3150 3126 1007 7041 1127 
14030)7650 5337 4432 0127 1001 0016 3137 1003 
14040)3012 1137 7041 3140 1150 7041 3141 1005 
14050)3011 1125 7640 5257 1001 0376 3001 1001 
14060)7710 5332 1411 7141 6221 1412 6211 7450 
14070)5274 7620 5301 5332 2141 7410 5332 2140 
14100)5262 2126 1003 3012 1005 3011 3411 3411 
14110)3411 1005 3011 1137 7041 3150 6221 1412 
14120)6211 3411 2150 5316 1137 3150 1002 3142 
14130)1003 3143 1003 1137 1014 3127 5225 1126 
14140)7650 5371 4432 0143 1001 1041 3001 2125 
14150)4424 1005 3011 1172 3150 1411 4423 2150 
14160)5355 4423 1142 4435 1001 7006 7006 4774 
14170)5210 4424 4424 5600 6116 0431 3777 6532 
14200)0000 1137 7650 5213 4432 0137 4450 7000 
14210)1514 0256 3514 4237 0136 4224 5600 0000 
14220)7200 4237 4224 0136 5617 0000 0000 0000 
14230)0000 0000 0000 0000 0000 0000 0000 0000 
14240)1255 3123 1637 3011 2237 1637 3012 1411 
14250)3412 2123 5247 2237 5637 7766 3777 4427 
14260)7410 5264 7000 5575 4446 4451 3313 4200 
14270)1014 4714 7610 4430 4217 4421 1517 1020 
14300)3517 1312 3521 4715 1017 3517 1313 3521 
14310)4715 5440 4040 0000 2646 1551 4726 7200 
14320)6203 4772 4446 7040 3106 5433 1773 0000 
14330)6211 3773 7000 7000 1376 3774 4237 4357 
14340)0075 7000 1110 7640 5727 3003 4777 3062 
14350)1156 4237 4355 0005 4775 5727 7577 0431 
14360)0177 0200 0000 0000 0000 0001 0001 0000 
14370)0000 0000 7200 2677 5514 4714 0700 2367 
14400)0000 4335 1000 3003 1007 7041 1003 7650 
14410)5250 6221 1403 6211 0016 3124 1124 7041 
14420)3123 1123 1150 7640 5244 1005 3011 1003 
14430)3012 6221 1412 7041 6211 1411 7640 5244 
14440)2123 5231 4320 5600 1003 1014 1124 5203 
14450)7300 1007 1155 7000 7630 4577 1150 1030 
14460)6221 3407 1007 3012 1005 3011 1150 7041 
14470)3123 6211 1411 6221 3412 2123 5271 3412 
14500)1007 3003 1012 7001 3007 6211 5242 0000 
14510)4335 1707 3123 1523 3003 2307 4320 5707 
14520)0000 6221 1403 3001 1001 0016 7001 1003 
14530)3345 1745 3002 6211 5720 0000 6221 1001 
14540)3403 1002 3745 6211 5735 0000 0000 4426 
14550)7450 5365 1371 7510 5365 1372 7510 5367 
14560)1004 7510 5365 1373 7500 2346 2346 7200 
14570)5746 7520 7766 7742 0000 4441 6202 5774 
14600)0000 3130 1107 7440 5234 1170 3012 4241 
14610)4453 1756 6766 2130 4637 1012 1240 7640 
14620)5207 7040 1012 3012 5207 3061 4637 3133 
14630)3131 3132 3134 1170 3010 3107 5600 5161 
14640)6023 0000 6203 4645 5641 7442 7700 0000 
14650)4423 5647 1003 3660 3067 1261 5657 6420 
14660)5364 2300 0000 7200 5662 6211 5656 1303 
14670)3013 4702 3413 1013 1304 7640 5271 1303 
14700)3013 5264 6610 1077 6133 0000 6201 1410 
14710)6211 3061 1061 5705 0000 1246 3123 1164 
14720)4442 2123 5317 5714 0215 0212 0000 7200 
14730)1324 4454 1325 4454 5726 4446 7001 7410 
14740)4446 3105 5434 0000 6201 1763 7450 5352 
14750)3362 3763 6211 5743 0000 6201 1362 3763 
14760)6211 5754 0000 1646 3136 1136 3132 4771 
14770)5433 1773 0000 6046 6041 5374 7200 5772 
15000)0000 4421 3331 4711 7640 5700 7344 1142 
15010)7450 5254 7001 7650 5701 4432 0142 1141 
15020)7640 5235 4312 5276 5200 4450 7040 4331 
15030)5704 1514 7700 5707 5700 1001 0157 7640 
15040)5705 4312 5221 5212 4450 7040 4331 5706 
15050)1514 7700 5706 5710 1150 0166 7650 5274 
15060)1141 7640 5575 4447 1140 7710 5700 7240 
15070)1147 7650 5700 5702 1141 7640 5267 5700 
15100)5253 5304 5240 5600 5231 5217 5220 5224 
15110)5235 1165 0000 1001 0160 7640 5326 1001 
15120)0031 2312 7650 5326 2312 5712 1712 3312 
15130)5712 0000 3123 1074 3760 1141 7640 5355 
15140)1514 0016 3125 1144 7640 7001 7001 3124 
15150)1124 7040 0514 1124 3514 2123 2331 5731 
15160)5274 0000 7450 1061 6201 3412 6211 5761 
15170)0000 1144 7640 7001 5770 5657 7410 1644 
15200)4762 1002 0166 7650 5253 4762 1002 3150 
15210)4447 5232 4762 1002 0166 7650 5235 1171 
15220)7001 4365 1147 5241 1514 0016 7041 1125 
15230)7640 2075 1140 7710 5253 1147 7740 5253 
15240)7001 4365 1675 7650 5253 1274 7041 1074 
15250)7106 1514 3514 4264 4663 7640 1014 1014 
15260)3111 5662 5103 5755 0000 1140 1041 7640 
15270)5664 7001 3147 5664 0000 5131 1147 7640 
15300)4365 4762 1002 3150 4447 5774 0000 1444 
15310)7640 5706 1137 7450 5706 6201 3466 2066 
15320)6211 2517 4432 0137 4450 5352 3123 1110 
15330)7650 1514 0016 7110 7430 2123 7640 2123 
15340)1123 7041 1075 3075 1514 0361 7112 7041 
15350)1074 3074 4763 7340 3147 1137 3364 3067 
15360)5706 3774 5170 5571 0000 0000 3147 1072 
15370)7640 2074 2074 5765 5074 7535 5657 0023 
15400)0000 4317 4705 4710 1122 7041 3307 1043 
15410)3066 7240 3113 4706 4621 2307 5213 4222 
15420)5600 6701 0000 4712 1102 7640 5264 1111 
15430)7012 7630 5245 4456 4436 6374 0000 2065 
15440)7240 4267 4437 4437 5252 4267 4456 4436 
15450)3647 0000 4713 1057 7640 5622 1112 6201 
15460)3714 6211 2314 5622 4711 3112 5252 0000 
15470)1163 1077 3304 4456 4436 6303 0000 4711 
15500)1304 3065 4705 5667 0000 6363 5650 0000 
15510)1041 3200 4743 4754 0700 0000 4045 0000 
15520)1077 3065 3070 1110 7650 5717 6201 1714 
15530)6211 2314 3315 5717 4427 7410 5341 7000 
15540)5575 4446 1001 0347 1157 3001 5434 3403 
15550)0000 1102 7650 1111 1122 1071 1075 1074 
15560)3371 1371 1077 0166 1164 7650 4577 1371 
15570)5750 0000 1514 7500 1041 3514 5771 5347 
15600)1521 0166 7640 5615 1521 3145 1517 0045 
15610)7650 5330 1145 5614 6272 6223 4647 1002 
15620)3151 7201 3150 4646 1045 3145 1147 7650 
15630)5330 3640 1242 3641 1245 3643 3103 5644 
15640)6065 6064 5661 6072 6057 2577 3445 6324 
15650)0000 3137 1110 7640 4750 4431 4726 6201 
15660)1520 6211 3140 1517 0160 3146 1517 0156 
15670)7640 5723 1517 0015 7640 5331 1517 0157 
15700)7640 5200 1517 0014 7640 5724 1521 3142 
15710)4432 0142 1517 0045 7640 5722 4727 5616 
15720)6234 5725 6036 1200 6245 6200 2476 5112 
15730)1145 1140 3123 4456 4436 0123 0000 4747 
15740)4355 3352 1147 3351 2065 5650 4577 5264 
15750)6600 0000 0000 4062 4055 0000 1072 7650 
15760)5370 1073 7041 1147 7650 5370 7240 3147 
15770)1146 3072 1147 3073 1072 5755 0032 7642 
16000)3547 1600 3145 7240 5210 5754 1605 3145 
16010)3147 1072 7650 5223 5615 3567 4456 4436 
16020)0123 0000 2065 4456 4436 0145 0000 2065 
16030)4646 2065 1140 1250 5635 5732 1001 0157 
16040)7640 5201 4715 6006 6264 5647 1253 6304 
16050)0407 1140 7710 5300 1147 7740 5300 1072 
16060)7640 5270 4456 4436 5657 0005 2065 5276 
16070)4456 4436 5516 0000 2065 4437 1103 3147 
16100)1154 3265 1314 3264 1312 3272 7001 3103 
16110)5711 5730 5516 5731 5657 5112 0000 0016 
16120)7450 5344 1172 7450 5342 7001 7450 5367 
16130)7630 5336 1364 4777 1365 4423 7200 5716 
16140)2560 1720 1341 5335 1001 0160 7640 5354 
16150)1360 4423 1362 5335 1361 4423 1363 5335 
16160)0102 0317 2300 1500 2516 0406 0530 1366 
16170)4423 1047 5335 5646 4720 7023 7200 4647 
16200)4450 5212 1514 7700 5212 4324 1002 0163 
16210)1164 5653 1521 3151 4324 7106 1014 5226 
16220)4324 1002 7410 1521 3151 7201 3150 4663 
16230)1045 3145 5633 6051 4324 1002 0166 7640 
16240)5220 4324 1002 5653 6054 1521 3151 7201 
16250)3150 4663 5653 5605 0000 4456 4436 3657 
16260)0000 2065 5654 3445 1002 0166 7640 5276 
16270)4324 1002 1045 3145 5644 5753 1675 3145 
16300)1147 5702 6010 5377 4450 5320 1514 7700 
16310)5320 4324 1002 0163 1027 3145 5644 5753 
16320)1717 3145 7201 5702 0000 1517 0043 7640 
16330)7001 5724 4427 5350 5337 7000 5350 1061 
16340)1167 7640 5575 2010 4427 7000 7410 7410 
16350)5575 1001 0045 7640 3150 4446 1150 7041 
16360)3362 5434 0000 0000 4436 0065 0004 5763 
16370)7760 0072 4446 7001 5376 4446 3102 5434 
16400)0000 3614 1215 7640 5600 2612 2307 5613 
16410)4327 5202 6611 6610 6652 0000 1223 1223 
16420)6203 5622 1631 2100 7041 3257 1173 7000 
16430)3114 1514 0242 3514 2114 7000 2257 5231 
16440)5641 0446 4003 3060 1137 7650 5433 7040 
16450)1122 3122 4444 2122 4656 5433 6701 0000 
16460)1361 1360 3361 1761 2361 3370 1371 3277 
16470)6202 4777 4776 0013 1370 4776 0001 7400 
16500)5217 1361 3307 3362 1370 4776 0003 0000 
16510)0000 5217 1307 3334 4317 6203 5657 0000 
16520)1333 3775 1374 3307 1373 3612 5717 0000 
16530)6202 4677 4200 1200 0000 5216 2334 4317 
16540)2362 2310 5727 5217 0000 1367 4200 1307 
16550)7040 7640 5346 4327 6202 4777 1370 4776 
16560)0004 7574 0000 5217 3362 6202 5744 0232 
16570)0000 0000 7000 5211 7177 6647 0200 1600 
16600)0000 1606 3147 1607 3072 5600 5751 5752 
16610)6201 5211 5241 5236 1252 7006 7006 3252 
16620)1250 3211 1252 0253 1651 3651 1252 7006 
16630)7006 0253 1647 3647 2247 5244 1247 3251 
16640)2247 1252 0254 3647 6211 5646 6404 0000 
16650)5211 0000 0000 7400 0377 0000 0000 6701 
16660)4677 6133 4427 7410 5267 7000 5575 4446 
16670)4451 7200 1001 0300 1277 3001 5434 2220 
16700)0403 0000 2117 2117 2121 2121 2120 5701 
16710)1102 7650 1014 1166 1150 7740 5575 1150 
16720)7450 5723 5724 2435 2610 1101 7650 5736 
16730)1501 1041 3501 1164 3101 5736 0402 0000 
16740)1001 0031 1052 7650 2337 5737 0000 1775 
16750)7710 5354 2427 5746 2775 7000 1061 7450 
16760)5371 1373 7450 5371 1374 7650 5371 4426 
16770)5357 5772 0751 7521 7764 6362 0070 7777 
17000)0000 4424 1612 4423 2212 2213 5202 4424 
17010)3454 5600 7014 7773 2301 0222 4026 6170 
17020)0140 0000 2301 0222 4004 0503 5560 7055 
17030)0162 0462 5561 7001 1374 7450 5623 1373 
17040)7640 5226 1372 6201 3435 6211 5623 2223 
17050)5623 0000 1371 3770 1367 3766 4765 3024 
17060)1764 3023 7240 1034 3034 1367 3766 4765 
17070)3026 1764 3025 1363 3770 5651 4436 7450 
17100)1362 3020 7100 1361 1020 7670 5341 1020 
17110)7004 7006 7006 0360 1343 6201 1757 6211 
17120)3331 1020 0356 1330 3020 6202 4755 0210 
17130)2000 0000 5754 1420 1353 7650 5341 4777 
17140)3541 1020 5676 0015 6046 7200 6046 7200 
17150)6046 7200 6046 6552 5513 7607 0377 0703 
17160)0017 0400 7400 7510 5060 5000 5057 7767 
17170)5033 7410 0274 7735 7504 6046 4556 7200 

# Segment 2: 5 pages
00000)0000 7200 1053 3033 4500 2331 2324 0515 
00010)4005 2222 0000 1002 7773 1723 7523 0000 
00020)0000 0000 7700 0200 1200 0211 7607 5372 
00030)1177 3576 6211 1575 7700 5574 1575 0043 
00040)3575 6201 5573 3777 0034 7777 6273 5450 
00050)5601 1664 6544 7605 4000 3700 2020 0070 
00060)0603 0600 0434 0067 6003 0244 0100 0336 
00070)0334 7001 6670 0212 0215 0403 0010 7700 
00100)0330 0306 0564 1754 0527 0300 1676 7404 
00110)1631 1200 1101 7260 6534 7257 1600 0041 
00120)7402 6561 7601 6457 6415 1423 7611 2214 
00130)7604 4170 5224 4651 4136 4051 5301 0040 
00140)7644 0771 7646 0017 1157 3162 4356 0006 
00150)6571 6200 7310 6600 7460 7457 7307 7315 
00160)0400 7605 7600 7261 1000 7746 0100 7643 
00170)0200 7700 7210 0225 0213 7645 0224 7410 
00200)2572 5030 7240 3572 6212 4571 0010 6212 
00210)4570 0005 2302 6211 1567 0166 6201 7650 
00220)3572 1565 1164 3565 5231 2563 6212 4571 
00230)0010 6211 1562 4346 5343 5341 1561 2374 
00240)5233 7200 1376 7640 1162 3344 1777 4346 
00250)5334 5337 2377 2377 2375 5246 1373 7640 
00260)1162 3335 1335 1344 1160 6201 7700 5300 
00270)3557 1170 3556 3555 3554 1153 3552 1160 
00300)1151 1335 1344 3151 1344 1170 7710 7001 
00310)1344 1552 6211 3550 7040 1151 3547 1547 
00320)3546 1151 3545 1335 1170 7710 7001 1545 
00330)6201 3544 6211 5560 2373 0000 5252 1162 
00340)5260 1162 5244 2376 0000 5236 0000 0143 
00350)3202 1202 7100 7450 5746 1142 3203 1603 
00360)1170 7630 5746 1202 1141 3203 1603 2346 
00370)7700 2346 5746 7767 7776 7767 7776 7617 
00400)1540 0377 7650 2277 1540 0137 7650 1561 
00410)7640 5220 1136 3535 3534 3533 1132 3531 
00420)6211 1530 7450 1127 3530 1526 7450 1125 
00430)3526 3524 1562 7650 5241 6213 4523 6211 
00440)5244 1122 3521 2524 1561 6201 7640 3520 
00450)6211 1567 0117 6201 7650 5274 4516 7201 
00460)6212 4570 0002 0502 0000 5300 1263 3515 
00470)6211 1514 6201 3513 4512 6213 5677 0201 
00500)1111 5510 1417 0104 0522 2326 0000 1316 
00510)7440 2263 7450 3261 0370 5663 0041 1040 
00520)7430 5325 7006 7006 7006 1421 3421 2031 
00530)5266 1025 7640 2035 5563 2032 1143 5265 
00540)0262 3353 1025 7650 5366 5055 3353 1246 
00550)6212 4560 0002 2326 7744 5373 1354 7100 
00560)1142 7420 7200 7106 7006 0165 6211 1043 
00570)0037 0077 7746 7477 7540 0777 1405 0004 
00600)0033 5206 3777 4273 5240 0313 2320 1376 
00610)3033 1022 3332 1303 7001 3221 4775 0200 
00620)1400 0071 5311 1774 7041 1205 7650 5235 
00630)1304 7640 5311 4273 5213 4773 7710 5307 
00640)1372 3771 7326 1303 3250 4775 2511 2400 
00650)0072 5311 4255 6213 5647 0653 1332 1370 
00660)7650 5267 6212 4732 0010 1367 3332 6212 
00670)4732 0013 5655 0000 4255 1366 3303 7001 
00700)0000 4732 0002 0070 0000 5311 5673 1365 
00710)3322 1332 1370 7640 5320 6212 4732 0011 
00720)5722 7605 0723 4764 4316 1740 0303 1430 
00730)0000 2326 0200 7450 5312 1122 4524 5331 
00740)0242 0255 0304 0313 7777 4625 4607 4607 
00750)4614 4614 0255 0250 0242 0273 0257 0240 
00760)0211 0000 7777 0607 0732 0722 0751 0751 
00770)0610 0610 0751 0722 0742 0744 0745 1000 
01000)0314 0317 0240 0302 0272 0323 0301 0302 
01010)0322 0254 0301 0272 0323 0320 0301 0324 
01020)0303 0310 0000 0000 2261 5220 6201 1663 
01030)7004 7700 5241 3650 1567 0251 7650 5035 
01040)5046 1117 6034 1375 7650 6031 5433 5306 
01050)1731 0400 4207 0300 7000 0035 7402 6203 
01060)6042 0000 7642 7777 1637 3640 2237 2240 
01070)2241 5227 6203 5626 1000 1645 7666 6211 
01100)7760 0000 6211 1755 7450 5777 3353 1353 
01110)0376 1375 3354 1754 3354 2355 1755 6201 
01120)3774 2355 1353 0373 7440 1376 7132 7012 
01130)3772 1354 7440 5346 4771 1357 3343 1353 
01140)6212 4756 0001 5600 5770 1343 3767 4766 
01150)7240 3765 5701 0000 0000 7617 0200 0000 
01160)5356 6203 5475 6211 3441 7533 1614 7317 
01170)7272 1600 7535 7760 7311 7646 0017 1632 

# Segment 3: 2 pages
01400)7000 7000 7000 5604 4305 0313 4000 0201 
01410)0353 6360 0000 0201 2351 4300 0217 5764 
01420)0000 0303 1400 0317 1515 4156 4463 0000 
01430)0317 1520 0162 4500 0317 5560 5154 4500 
01440)0317 2071 0000 0322 0501 6445 0000 0322 
01450)0506 0000 0401 6445 0000 0405 4163 6300 
01460)0405 0651 5645 0000 0405 1445 6445 0000 
01470)0405 2343 6251 4200 0411 2245 4364 0000 
01500)0425 2054 5143 4164 4500 0504 5164 0000 
01510)0512 4543 6400 0517 4600 0530 4543 6564 
01520)4500 1005 5460 0000 1407 5700 1411 1653 
01530)0000 1411 6364 0000 1417 4144 0000 1501 
01540)0362 4554 0000 1501 1345 0000 1501 2000 
01550)1505 1557 6271 0000 1525 5647 0000 2001 
01560)5400 2001 2443 5000 2022 5156 6400 2025 
01570)5643 5000 2205 0341 5454 0000 2205 1641 
01600)0000 6214 1204 3212 6203 6212 4627 0010 
01610)1230 3227 0000 5600 0000 6201 1227 7500 
01620)6212 7700 4627 0011 1221 3227 5614 0200 
01630)0200 1217 3200 4214 6213 3643 1244 3645 
01640)1200 5642 2701 0110 4772 0054 0000 0000 
01650)2431 6045 0000 2501 0000 2502 0000 2503 
01660)0000 2516 5457 4144 0000 2605 6263 5157 
01670)5600 3005 4451 6400 3015 5164 0000 3105 
01700)2324 4562 0000 3205 2217 0000 0231 0500 
01710)0301 2400 1401 0205 1400 2327 0000 0000 
01720)0000 0000 0000 0000 0000 0000 0000 0000 
01730)0000 0000 0000 0000 0000 0000 0000 0000 
01740)0000 0000 0000 0000 0000 0000 0000 0000 
01750)0000 0000 0000 0000 0000 0000 0000 0215 
01760)0214 0212 0240 0211 7777 1657 1657 1676 
01770)2207 2211 2202 2202 2211 0000 0000 0000 

# Segment 4: 3 pages
07000)0000 0000 7240 1201 3007 1200 3207 7402 
07010)1407 0377 1377 7450 5221 7700 5240 4040 
07020)0045 4307 7500 5227 7041 3776 5217 7200 
07030)1321 6211 3775 1034 3774 1312 3773 5217 
07040)4265 5262 4035 3625 4730 5164 4735 3630 
07050)4360 5161 0000 4265 5263 4031 5157 4333 
07060)5155 0000 6032 6046 5217 0000 4307 0306 
07070)7104 7006 3312 6211 1665 2265 7450 5665 
07100)3007 1407 0372 1312 3407 5273 0077 0000 
07110)1200 3312 7402 1601 2201 3321 1601 2201 
07120)3312 7402 1712 6211 5707 7777 6661 5771 
07130)1007 2325 5341 1370 7110 7440 5345 7206 
07140)1367 6666 7200 1007 1366 7650 7040 3325 
07150)1326 6211 3765 5764 3035 5743 5336 1375 
07160)3002 1104 3003 1402 3737 4335 6566 0212 
07170)6520 3624 7007 5025 5020 5016 4604 7600 
07200)0000 1210 7104 1777 3777 4776 6213 5600 
07210)7777 1775 7012 7600 6201 1774 7010 7124 
07220)3774 1261 7670 5234 4773 7201 6212 4772 
07230)0004 7276 0000 5272 1257 7650 5262 6211 
07240)1771 6201 7640 5262 1260 6211 3770 7332 
07250)1775 3775 6201 4773 6212 4772 0006 0000 
07260)0000 0000 1767 6211 7700 7040 3664 6201 
07270)5671 7605 1366 1372 6203 5765 0617 2224 
07300)2216 2415 0000 0264 7650 4723 4717 0400 
07310)6200 0000 5320 2302 2311 2311 5702 0000 
07320)7710 5273 5314 1101 0000 6213 1764 7650 
07330)4763 6202 5724 1205 0355 6211 3776 4356 
07340)6211 3774 4356 6211 3773 7240 3355 3205 
07350)7326 1216 3353 7000 5617 7777 0000 7000 
07360)1410 5756 0004 6544 6415 1631 1700 1627 
07370)7601 4772 0200 1600 7746 7643 1101 1155 
07400)0040 2777 5233 4776 6213 4775 1774 7640 
07410)5214 1373 3772 4771 4770 6213 1767 0200 
07420)3766 4765 3766 1767 7006 6212 7620 5764 
07430)6202 4776 5763 1362 6213 3761 4765 6201 
07440)2760 5230 0000 2273 6031 5252 6034 1357 
07450)7650 5756 2333 5273 1335 4755 3335 2335 
07460)7410 1354 2335 7400 1353 3333 1253 3273 
07470)1752 3332 5243 5273 5315 5311 1253 3273 
07500)1732 0263 7112 7012 1334 7012 7012 2332 
07510)5316 1732 0263 3334 2332 1732 0351 7440 
07520)1350 7450 5243 1347 7450 5255 1346 6213 
07530)3745 5642 0000 0000 0000 0000 7740 5343 
07540)4252 7240 5330 1027 7104 0061 0232 0145 
07550)7601 0177 7310 6377 0600 7302 7600 7575 
07560)7746 0042 4662 7211 0563 4574 6415 7644 
07570)1614 1101 1155 7617 7210 6457 7324 0110 

# JSW 0000
# START 00200
