#!/usr/bin/env os8
# v3d/srccom.sv

# Segment 0: 6 pages
10000)0000 0000 0000 0000 7771 0150 7577 2430 
10010)0000 0000 0000 0000 0002 0004 0003 0130 
10020)0000 0000 0000 0000 0000 0000 0000 0000 
10030)0000 0000 0000 0000 0000 0000 0000 0000 
10040)0000 0000 0000 0000 0000 0000 1177 6034 
10050)1176 7650 6031 5445 6203 5575 2532 0000 
10060)0000 0000 0000 0000 0000 7646 0020 0040 
10070)7644 7643 7540 0456 7521 1377 7000 0305 
10100)0332 0377 0232 0214 0047 0252 0211 0007 
10110)0240 0260 0251 0261 7774 1200 0212 1122 
10120)7770 7561 1136 1000 4412 0271 0235 1014 
10130)0364 1170 1363 1264 0215 0015 7762 7776 
10140)0164 7601 0177 7400 0010 7571 1162 7564 
10150)6203 6556 0401 7577 7576 7567 7570 6201 
10160)7556 0351 1227 1272 0400 0027 0002 1777 
10170)7560 2000 7562 7563 7557 7600 7575 0200 
10200)0000 1574 3230 1573 3002 1230 7140 1572 
10210)7430 5231 3003 2003 5224 1230 3572 1002 
10220)3573 7240 1002 5600 1402 1002 3002 5213 
10230)0000 7201 3572 1171 5204 0000 1574 7041 
10240)1570 3570 1570 7450 5264 7001 4200 7041 
10250)3026 7001 4200 3011 1167 3012 1411 3412 
10260)1011 1026 7640 5256 7201 3572 1171 3573 
10270)5635 0000 6201 4200 1166 3011 6211 4200 
10300)1166 3012 6201 1411 3000 6211 1412 3001 
10310)1001 7041 1000 7640 5326 1000 7440 1020 
10320)7640 5302 5671 6201 1411 3000 1000 1021 
10330)7440 1165 7650 5323 1001 1021 7440 1165 
10340)7650 5305 1000 7041 1001 7650 5315 1000 
10350)7040 0001 1020 7650 5671 1001 7040 0000 
10360)1020 7640 2271 5671 0000 7346 3027 3030 
10370)6201 4564 6211 4564 2027 5764 2364 5764 
10400)0000 1574 7041 1570 7640 5250 7201 4577 
10410)3011 7326 3411 1011 3002 4045 2011 4256 
10420)4563 7344 1031 1024 1402 7650 5217 1031 
10430)3411 1011 7100 1162 7620 5240 6203 5561 
10440)2402 1031 7640 5217 2570 2002 1560 3402 
10450)2027 6214 1157 3030 2574 5600 0000 1556 
10460)3032 2555 5330 1554 7640 5375 7326 1553 
10470)7430 2554 7420 3553 7166 7006 7006 1152 
10500)6214 3555 1151 3556 6214 1150 3307 7000 
10510)4547 5315 7710 5546 2554 2545 2545 1144 
10520)3547 1555 7104 1555 0175 7040 3555 5257 
10530)1547 7510 3432 3547 1432 0143 7104 1547 
10540)7006 7006 7500 2556 3547 1432 0142 7440 
10550)1141 7440 1140 7440 7001 7450 5257 1137 
10560)7450 5372 1136 7450 5374 1135 7440 1134 
10570)3031 5656 2560 5257 2554 7240 3555 5600 
10600)4533 7201 3035 1132 4531 4530 5323 6201 
10610)4527 6211 4527 3035 7240 3044 6201 4526 
10620)6211 4526 6201 3574 6211 3574 4530 5267 
10630)4525 5216 3044 4530 5267 6201 3574 2574 
10640)4525 4332 6211 1574 7041 6201 1574 7640 
10650)5237 6211 7201 3574 1574 7041 6201 1574 
10660)7650 5233 4525 4332 6211 2574 5254 1030 
10670)7450 5323 3320 6201 1574 6211 7640 1574 
10700)7650 5320 1320 7041 1124 3306 7000 1574 
10710)7140 1570 7620 5233 2574 4525 4332 5306 
10720)7000 4527 5216 6201 1574 6211 1574 7640 
10730)4523 5522 0000 6201 1574 3521 6211 1574 
10740)3521 1025 3033 5352 4530 5350 4525 5352 
10750)4362 5732 2033 5344 4362 4523 1120 4517 
10760)4362 5216 0000 6201 4370 6211 4370 5762 
10770)0000 1574 3033 1521 3574 1033 3521 5770 
11000)0000 1116 4515 6201 4214 1114 4322 6211 
11010)4214 1116 4515 5600 0000 1574 7041 3034 
11020)3043 6214 7112 7010 1113 4515 1112 4515 
11030)1034 7001 4577 7001 3011 1411 3002 1002 
11040)7041 1035 7650 5271 1356 3257 1002 3035 
11050)7346 3003 3000 5256 3002 2000 1002 7402 
11060)7500 5254 7200 2257 1000 1111 4515 2003 
11070)5252 1022 7650 5310 1110 4515 1043 0107 
11100)7640 5271 1411 7450 5313 1155 7450 5271 
11110)1106 4515 5302 1134 4515 1116 4515 2034 
11120)5220 5614 0000 3003 1105 4515 2003 5324 
11130)1134 4515 1116 4515 3035 5722 2044 5343 
11140)6201 1104 4531 1262 3003 1103 4515 1102 
11150)4515 2003 5350 6203 5755 0321 1357 7634 
11160)7766 7777 6214 7112 7010 7001 6203 5561 
11170)0000 3011 1370 3214 7240 3034 5302 0000 
11200)0000 0101 3042 2043 6214 1157 3262 6211 
11210)1037 7012 7020 7730 5233 2037 1042 7006 
11220)7006 0143 1441 3441 1042 7012 7012 7010 
11230)0143 1440 5237 1040 3041 2040 1042 3440 
11240)2037 5262 6202 4436 4210 1400 0000 5256 
11250)4264 2246 6201 2500 2477 5262 7126 7001 
11260)6203 5561 7402 5600 0000 1076 3037 1075 
11270)3040 5664 0000 1031 1074 7650 1023 7650 
11300)5672 4473 1031 7640 5301 7344 1402 7650 
11310)5672 1011 3330 1730 1072 7440 1165 7640 
11320)5672 7040 1011 3011 7040 1402 3402 5305 
11330)0000 3036 1471 7040 0123 1074 3020 7332 
11340)0471 3024 1470 7040 0067 1072 3021 1470 
11350)0066 3022 7201 0470 3023 1465 7041 7450 
11360)7346 3025 5763 0600 0323 0322 0303 0303 
11370)0317 0315 0240 0326 0264 0301 0212 0000 

# Segment 1: 2 pages
00000)0000 4432 7666 0000 4500 2331 2324 0515 
00010)1617 5637 7621 2041 0000 0235 1015 1364 
00020)0000 0000 0000 0000 0000 0000 0001 0000 
00030)0000 0000 0001 2000 0000 6202 4775 7777 
00040)0000 0000 2364 6212 5764 0000 0000 0000 
00050)0316 0317 0240 0304 0311 0306 0306 0305 
00060)0322 0305 0316 0303 0305 0323 0000 0000 
00070)1177 3020 1176 3076 1175 3010 7402 3410 
00100)2076 2020 5076 6214 1174 3132 6211 1425 
00110)6201 7450 5573 6212 4572 0001 0000 7402 
00120)6211 1425 0171 7440 1170 7132 7012 3020 
00130)2025 1425 7402 3567 1020 3566 1116 3565 
00140)2025 5467 4000 4200 0212 0215 0277 0260 
00150)4005 7605 7642 1246 1423 3021 7774 7600 
00160)1401 1001 0401 7617 7700 7575 7577 7571 
00170)0017 7760 0200 0344 6201 7555 1026 7756 
00200)2343 6212 4564 0010 1343 7650 5213 6212 
00210)4572 0005 0000 1163 3025 1162 3116 6201 
00220)4067 1161 3116 6211 4067 1160 3253 6211 
00230)1557 6201 7440 5250 3241 6212 4572 0012 
00240)5524 0000 0000 5350 1241 6211 3557 5227 
00250)6212 4572 0001 0000 5350 1156 3020 1157 
00260)3010 1155 3265 6211 1410 7402 2265 2020 
00270)5264 1331 3304 1024 7450 1154 3024 1557 
00300)6201 6212 4572 0003 0000 0000 5350 6212 
00310)4572 0011 3332 6213 1304 3553 1253 5720 
00320)1331 6212 4564 0010 6213 1557 6201 4572 
00330)0004 0021 0000 5350 2343 6211 1552 6201 
00340)7710 5551 5204 0000 6214 7112 7010 1156 
00350)1150 1147 3067 1146 4372 1067 4372 1145 
00360)4372 1144 4372 1067 7710 5334 6212 4564 
00370)0010 5334 0000 6046 6041 5374 7200 5772 

# JSW 0000
# START 00200
