#!/usr/bin/env os8
# v3d/teco.sv

# Segment 0: 9 pages
14400)4444 4466 4513 4545 4601 4633 4662 4705 
14410)4745 4773 5021 5062 5115 5140 5155 5171 
14420)5204 5251 5277 5333 5367 5414 5441 5472 
14430)5510 5547 5576 5671 5672 5731 6000 6034 
14440)6056 6126 6150 6245 0311 0354 0354 0345 
14450)0347 0341 0354 0240 0303 0357 0355 0355 
14460)0341 0356 0344 0240 4000 0000 0325 0356 
14470)0364 0345 0362 0355 0351 0356 0341 0364 
14500)0345 0344 0240 0303 0357 0355 0355 0341 
14510)0356 0344 0000 0311 0354 0354 0345 0347 
14520)0341 0354 0240 0321 0255 0362 0345 0347 
14530)0351 0363 0364 0345 0362 0240 0316 0341 
14540)0355 0345 0240 4000 0000 0311 0356 0364 
14550)0345 0362 0356 0341 0354 0240 0320 0365 
14560)0363 0350 0240 0304 0357 0367 0356 0240 
14570)0317 0366 0345 0362 0346 0354 0357 0367 
14600)0000 0323 0364 0357 0362 0341 0347 0345 
14610)0240 0303 0341 0360 0341 0343 0351 0364 
14620)0371 0240 0305 0370 0343 0345 0345 0344 
14630)0345 0344 0000 0323 0345 0341 0362 0343 
14640)0350 0240 0323 0364 0362 0351 0356 0347 
14650)0240 0364 0357 0357 0240 0314 0357 0356 
14660)0347 0000 0311 0355 0360 0362 0357 0360 
14670)0345 0362 0240 0301 0362 0347 0365 0355 
14700)0345 0356 0364 0363 0000 0311 0354 0354 
14710)0345 0347 0341 0354 0240 0303 0350 0341 
14720)0362 0341 0343 0364 0345 0362 0240 4000 
14730)0240 0351 0356 0240 0306 0351 0354 0345 
14740)0356 0341 0355 0345 0000 0273 0240 0356 
14750)0357 0364 0240 0351 0356 0240 0341 0356 
14760)0240 0311 0364 0345 0362 0341 0364 0351 
14770)0357 0356 0000 0276 0240 0356 0357 0364 
15000)0240 0351 0356 0240 0341 0356 0240 0311 
15010)0364 0345 0362 0341 0364 0351 0357 0356 
15020)0000 0301 0364 0364 0345 0355 0360 0364 
15030)0240 0364 0357 0240 0315 0357 0366 0345 
15040)0240 0320 0357 0351 0356 0364 0345 0362 
15050)0240 0317 0346 0346 0240 0320 0341 0347 
15060)0345 0000 0321 0255 0362 0345 0347 0351 
15070)0363 0364 0345 0362 0240 0315 0345 0355 
15100)0357 0362 0371 0240 0317 0366 0345 0362 
15110)0346 0354 0357 0367 0000 0325 0356 0364 
15120)0345 0362 0355 0351 0356 0341 0364 0345 
15130)0344 0240 0315 0341 0343 0362 0357 0000 
15140)0317 0365 0364 0360 0365 0364 0240 0305 
15150)0362 0362 0357 0362 0000 0311 0356 0360 
15160)0365 0364 0240 0305 0362 0362 0357 0362 
15170)0000 0306 0351 0354 0345 0240 0305 0362 
15200)0362 0357 0362 0000 0317 0365 0364 0360 
15210)0365 0364 0240 0303 0357 0355 0355 0341 
15220)0356 0344 0240 0367 0357 0365 0354 0344 
15230)0240 0350 0341 0366 0345 0240 0317 0366 
15240)0345 0362 0346 0354 0357 0367 0345 0344 
15250)0000 0316 0365 0355 0345 0362 0351 0343 
15260)0240 0301 0362 0347 0365 0355 0345 0356 
15270)0364 0240 0364 0357 0240 0331 0000 0311 
15300)0354 0354 0345 0347 0341 0354 0240 0303 
15310)0350 0341 0362 0341 0343 0364 0345 0362 
15320)0240 4000 0240 0341 0346 0364 0345 0362 
15330)0240 0305 0000 0311 0354 0354 0345 0347 
15340)0341 0354 0240 0303 0350 0341 0362 0341 
15350)0343 0364 0345 0362 0240 4000 0240 0341 
15360)0346 0364 0345 0362 0240 0242 0000 0316 
15370)0357 0240 0301 0362 0347 0365 0355 0345 
15400)0356 0364 0240 0342 0345 0346 0357 0362 
15410)0345 0240 0275 0000 0316 0357 0240 0301 
15420)0362 0347 0365 0355 0345 0356 0364 0240 
15430)0342 0345 0346 0357 0362 0345 0240 0325 
15440)0000 0316 0357 0240 0301 0362 0347 0365 
15450)0355 0345 0356 0364 0240 0342 0345 0346 
15460)0357 0362 0345 0240 0361 0365 0357 0364 
15470)0345 0000 0323 0345 0341 0362 0343 0350 
15500)0240 0346 0341 0351 0354 0345 0344 0000 
15510)0316 0345 0347 0341 0364 0351 0366 0345 
15520)0240 0357 0362 0240 0332 0345 0362 0357 
15530)0240 0301 0362 0347 0365 0355 0345 0356 
15540)0364 0240 0364 0357 0240 0320 0000 0316 
15550)0345 0347 0341 0364 0351 0366 0345 0240 
15560)0341 0362 0347 0365 0355 0345 0356 0364 
15570)0240 0364 0357 0240 0254 0000 0303 0341 
15600)0363 0345 0240 0323 0365 0360 0360 0357 
15610)0362 0364 0240 0356 0357 0364 0240 0311 
15620)0355 0360 0354 0345 0355 0345 0356 0364 
15630)0345 0344 0215 0212 0211 0177 0177 0333 
15640)0365 0363 0345 0240 0327 0240 0346 0357 
15650)0362 0240 0327 0341 0364 0343 0350 0240 
15660)0303 0357 0355 0355 0341 0356 0344 0335 
15670)0000 0000 0316 0345 0347 0341 0364 0351 
15700)0366 0345 0240 0357 0362 0240 0332 0345 
15710)0362 0357 0240 0301 0362 0347 0365 0355 
15720)0345 0356 0364 0240 0364 0357 0240 0323 
15730)0000 0303 0341 0356 0356 0357 0364 0240 
15740)0327 0362 0351 0364 0345 0240 0317 0365 
15750)0364 0240 0305 0362 0362 0357 0362 0240 
15760)0315 0345 0363 0363 0341 0347 0345 0240 
15770)0317 0366 0345 0362 0354 0341 0371 0000 
16000)0311 0354 0354 0345 0347 0341 0354 0240 
16010)0303 0350 0341 0362 0341 0343 0364 0345 
16020)0362 0240 4000 0240 0341 0346 0364 0345 
16030)0362 0240 0306 0000 0331 0240 0303 0357 
16040)0355 0355 0341 0356 0344 0240 0301 0342 
16050)0357 0362 0364 0345 0344 0000 0303 0303 
16060)0314 0256 0323 0326 0240 0356 0357 0364 
16070)0240 0346 0357 0365 0356 0344 0240 0357 
16100)0362 0240 0305 0307 0240 0341 0362 0347 
16110)0365 0355 0345 0356 0364 0240 0364 0357 
16120)0357 0240 0342 0351 0347 0000 0305 0370 
16130)0345 0343 0365 0364 0351 0357 0356 0240 
16140)0341 0342 0357 0362 0364 0345 0344 0000 
16150)0303 0341 0363 0345 0240 0323 0365 0360 
16160)0360 0357 0362 0364 0240 0356 0357 0364 
16170)0240 0311 0355 0360 0354 0345 0355 0345 
16200)0356 0364 0345 0344 0215 0212 0211 0177 
16210)0177 0333 0365 0363 0345 0240 0305 0317 
16220)0240 0346 0357 0362 0240 0326 0345 0362 
16230)0363 0351 0357 0356 0240 0356 0365 0355 
16240)0342 0345 0362 0335 0000 0316 0357 0240 
16250)0306 0351 0354 0345 0240 0346 0357 0362 
16260)0240 0317 0365 0364 0360 0365 0364 0000 
16270)0000 0000 0000 0000 1171 1024 2014 2342 
16300)0000 0000 0000 0000 0120 0336 0000 1442 
16310)0000 0000 0000 0000 0000 0000 0000 0000 
16320)0000 0000 0000 0000 0000 0000 0000 0000 
16330)0000 0000 0000 0000 0314 1324 0112 3564 
16340)1316 1256 0101 1541 0000 0000 0000 0000 
16350)0000 0000 0000 0000 0000 0000 0000 0000 
16360)1316 1256 0102 1561 1327 1232 0000 0015 
16370)0000 0000 0000 0000 0000 0000 0000 0000 
16400)0000 2200 1600 0231 7112 7012 7010 1234 
16410)3235 1232 3230 1233 3236 6231 1635 6201 
16420)3636 2235 2236 2230 5215 2200 6203 5600 
16430)0000 0007 7400 3200 2000 0000 0000 6232 
16440)4741 6400 0000 7000 0000 0000 0000 0000 
16450)0000 0000 0000 0000 0000 0000 0000 0000 
16460)0321 1121 1012 2722 0000 0000 0000 0000 
16470)0000 0000 0000 0000 0000 0000 0000 0000 
16500)0000 0000 0000 0000 5254 0112 0000 6012 
16510)1015 0315 2014 3074 0000 0000 0000 0000 
16520)0000 0000 0000 0000 0000 0000 0000 0000 
16530)0000 0000 0000 0000 1640 0474 0274 5367 
16540)0000 0000 0000 0000 0000 0000 0000 0000 
16550)0000 0000 0000 0000 0410 1365 0000 4524 
16560)1316 1256 0112 1533 0000 0000 0000 0000 
16570)0000 0000 0000 0000 0000 0000 0000 0000 

# Segment 1: 31 pages
00000)0000 0000 0000 0000 1577 4540 5407 1464 
00010)0033 4514 0002 0003 7577 5150 2226 5166 
00020)0000 0000 0000 0000 0000 0000 0000 0000 
00030)0000 0000 0000 0000 0000 0000 0000 0000 
00040)0000 0000 5140 0000 0000 0000 0000 0000 
00050)0000 0046 0007 0015 0011 0033 0014 0013 
00060)0012 4514 4554 0000 0000 0000 0000 0000 
00070)0000 0000 0000 0000 0000 0000 0000 0000 
00100)0000 0000 0000 4521 0000 0000 0000 0511 
00110)0503 0521 0476 0530 2600 1533 1561 2423 
00120)2725 2200 2600 3040 0422 3244 0453 4626 
00130)4461 2367 2477 2400 0400 2563 2465 3073 
00140)2265 3644 2752 4643 3615 4003 4447 4454 
00150)2525 0643 0555 0200 0006 7700 0137 0007 
00160)0100 0004 7770 7720 4470 2557 0040 7740 
00170)7760 0177 0377 7400 0077 7766 0052 4757 
00200)2740 5730 4330 4523 1377 3042 1042 1376 
00210)7640 4514 1375 4532 1577 3101 4540 7100 
00220)4511 1227 3021 3034 3032 3022 4511 3166 
00230)6032 3774 1176 7410 4773 4521 3031 4520 
00240)4515 4600 7760 3031 4340 5237 1035 4521 
00250)4773 1175 7640 5250 7001 5004 1053 3031 
00260)4340 1060 5243 4330 4523 1375 4536 4543 
00270)3031 1031 1371 3300 1700 3300 7100 4511 
00300)0000 4526 7200 1024 7710 5267 3027 3030 
00310)5267 1514 7650 5516 7240 3073 4546 4517 
00320)4521 2514 5317 5203 4510 4543 0174 5270 
00330)5211 1035 7041 1031 7640 5516 4340 5730 
00340)5321 1051 3050 1031 4534 1577 7001 4540 
00350)3514 1031 4521 1577 1060 7710 5364 7100 
00360)1051 1367 7620 5740 1052 4552 5740 4072 
00370)5577 5000 1461 3104 2612 0045 2640 5140 
00400)0000 7106 7006 3222 1050 7104 3253 6211 
00410)1222 4243 2253 1222 7106 7006 4243 6201 
00420)2050 5600 0000 7104 3253 6211 1653 0173 
00430)2253 3200 1653 0173 7112 7012 1200 7012 
00440)7012 6201 5622 0000 0173 3303 1653 0172 
00450)1303 3653 5643 0000 7604 3200 1600 7421 
00460)7600 6031 5653 6034 0171 1170 7440 1053 
00470)7440 5653 4514 6041 5273 5660 3222 4510 
00500)3303 1222 5703 0000 7240 1042 3042 1442 
00510)5703 0000 3442 2042 1042 1377 7650 4514 
00520)5711 0000 3222 7001 1321 4507 1721 5300 
00530)0000 7100 7500 7160 3321 7004 1353 3345 
00540)4510 3253 1730 3222 1622 4507 3622 2330 
00550)2321 5342 1253 4507 5730 0000 3104 4526 
00560)1376 7450 5755 1375 7650 5357 6041 5366 
00570)1104 6046 7200 5755 0201 7774 7764 2601 
00600)3024 4551 5210 4537 7061 7410 4537 1044 
00610)4527 3044 6201 5512 4537 6211 7470 5232 
00620)7041 3102 1044 7041 1045 7650 5212 4777 
00630)2044 5222 1376 3102 7340 1044 3044 7420 
00640)5775 4777 5234 0000 1030 7110 1027 5643 
00650)2021 7410 5061 4537 7420 5333 7141 3102 
00660)1102 4511 0604 1102 5333 7450 5512 7120 
00670)1045 3047 1047 1374 7660 4514 1045 3046 
00700)1047 3045 6211 1046 7041 1044 7650 5212 
00710)7040 1046 3046 7040 1047 3047 1446 0172 
00720)3370 1447 0173 1370 3447 5303 4773 3102 
00730)1026 3044 1102 7450 5512 7100 1044 7430 
00740)7240 4527 3046 1044 3047 6211 1045 7041 
00750)1046 7650 5365 1446 0172 3370 1447 0173 
00760)1370 3447 2046 2047 5346 1047 3045 5212 
00770)0000 4514 4514 1717 0140 3130 7777 3116 
01000)0000 3374 4537 7470 4514 7041 3373 4530 
01010)1377 3015 1167 3372 4535 5225 4515 3664 
01020)5213 3415 2372 5214 4514 1372 1166 7640 
01030)3415 1044 3372 5272 1361 3246 1415 7550 
01040)5263 7041 6211 1444 0172 6201 7640 5271 
01050)2044 1256 3246 1045 7040 1044 7640 5236 
01060)3044 3020 5600 3264 7402 2373 5271 7040 
01070)5261 2372 1377 3015 1372 3044 5251 5234 
01100)1103 5305 5245 4517 5221 6211 1444 0172 
01110)4544 7410 7040 5245 3371 7240 5355 7240 
01120)4200 2374 5337 4531 1020 7700 5337 1372 
01130)7041 1044 3064 1372 3044 4511 2645 3374 
01140)1020 4511 4772 2022 7410 5565 3022 2027 
01150)5776 3024 5565 7201 3371 4200 1037 7041 
01160)1045 7650 5321 1020 7640 5321 1371 4564 
01170)5231 0000 0000 0000 0000 2360 1754 4377 
01200)1031 1163 3020 7100 2024 5214 1336 3217 
01210)1337 7106 1337 7104 1020 3337 1337 7410 
01220)7061 1316 3027 7004 1305 7010 7610 3027 
01230)7004 3030 1217 3336 1304 3217 7240 5275 
01240)7326 4513 1217 1316 1305 4551 5215 7346 
01250)4513 1305 1316 1217 3027 3030 5266 1044 
01260)5326 7344 1377 1376 1375 1162 1374 3217 
01270)1027 3316 1030 3305 3337 3024 5512 0316 
01300)5227 7040 0316 1337 5227 0000 7041 3322 
01310)1305 7110 1316 2322 5312 5227 0000 3322 
01320)1316 4541 0000 5227 7614 4517 7100 5215 
01330)1161 1373 3062 1462 3212 5512 0000 0000 
01340)1424 1464 1464 1426 1442 1443 1441 1037 
01350)7040 5772 1023 7040 3023 5512 1114 1117 
01360)0116 0123 4543 4515 1360 7776 4514 7240 
01370)3022 5512 4772 4550 7410 5706 0011 7762 
01400)0000 0000 1230 4552 1251 4552 1230 4552 
01410)7240 1777 3777 5601 4776 1167 7500 5226 
01420)1166 4515 0052 1266 7200 4201 7200 2200 
01430)7410 5264 4201 3200 5775 7510 5313 1072 
01440)5304 1052 1374 1374 3201 4773 0101 2201 
01450)5245 7240 5233 3331 1031 1372 7640 5516 
01460)7240 1577 4540 5266 1175 3331 4523 7000 
01470)1063 3330 3063 1051 3050 7240 1063 3063 
01500)1072 7040 1050 5235 4524 1331 7650 5316 
01510)7240 1050 5274 7200 1176 4521 4511 2764 
01520)1330 3063 7000 7000 6032 5775 1175 5253 
01530)0000 7766 2767 0000 3035 7240 1733 2333 
01540)3017 1417 7510 5361 7161 1035 7640 5341 
01550)1017 1733 3371 1771 7510 5363 3371 7300 
01560)5771 7300 1035 2333 5733 4543 0174 3035 
01570)5341 0000 7771 2767 7774 0236 3104 2221 
01600)4240 4542 1377 3104 1104 7650 4517 7200 
01610)1021 7710 5257 4537 7470 4514 7041 3237 
01620)4511 1655 1104 7650 5252 2036 5231 1056 
01630)4522 3045 4511 2022 2237 5220 5512 0000 
01640)0000 1073 7141 1040 7630 5640 1040 1072 
01650)4524 5640 1056 4522 5234 4511 3134 1376 
01660)3301 4317 7040 3317 1317 7041 4541 0006 
01670)7126 4775 4514 7200 5303 6211 1426 0171 
01700)6201 0000 2026 2317 5275 5512 1103 5260 
01710)4532 4317 4540 1374 3301 1063 5262 0000 
01720)2021 7410 5334 1044 3026 3021 4511 0614 
01730)1044 3027 1026 3044 3024 7100 1027 4527 
01740)7140 1026 7040 7420 5717 1026 3237 1026 
01750)3027 1237 3026 5334 1032 7650 4514 4550 
01760)3201 3503 1103 3371 1031 3010 3024 4535 
01770)5565 0000 7200 5367 4534 3741 4522 7651 
02000)2024 5236 4551 1044 3047 7430 5777 6211 
02010)1047 7140 1045 7620 5777 1447 0172 6201 
02020)7100 5776 2024 7610 4514 1122 7041 1114 
02030)7640 1045 7640 4514 3045 3044 1375 0037 
02040)7141 1045 7630 5362 2075 5301 7100 1012 
02050)1100 7420 3100 7172 7012 7012 1366 3261 
02060)4467 0400 6200 0000 7700 7410 5364 1263 
02070)1012 3263 7240 1262 3016 1367 3075 7346 
02100)3261 7000 2261 5324 7346 3261 7344 1016 
02110)3016 1416 0173 3036 1416 0173 7112 7012 
02120)1036 7112 7012 7410 1416 7000 0171 7440 
02130)1374 7450 5244 1373 7450 5357 1372 7450 
02140)5361 1056 6211 3063 1445 0173 1063 3445 
02150)1063 6201 2045 1175 7650 1371 5236 3037 
02160)7410 7240 3036 5512 3037 4514 0401 6400 
02170)2677 7470 0016 0145 7601 7637 1215 4634 
02200)0000 4515 0052 2473 3035 1035 2221 0167 
02210)7640 5243 1377 4552 2221 1160 1035 4552 
02220)5600 0000 3221 5216 1161 1162 3221 1060 
02230)5237 1221 0157 1162 3221 0040 1235 4552 
02240)2221 5776 5600 1035 0160 7650 5216 7000 
02250)1035 0166 7650 5216 1323 4552 2221 1035 
02260)0156 5217 1035 4552 5205 0000 7510 5313 
02270)3063 4533 7350 0474 1050 3047 7350 0474 
02300)7141 1063 7420 5340 7450 5356 1051 3050 
02310)1050 1366 7620 4514 1051 3046 1050 3051 
02320)2050 1046 7041 1047 7650 5356 7040 1046 
02330)3046 7344 1050 3050 1046 4524 4534 5321 
02340)1047 3050 1051 7041 1047 7650 5354 1047 
02350)4524 4534 2047 5342 1050 3051 7330 0474 
02360)1063 3474 1043 4536 4533 5665 4060 0000 
02370)4530 1040 3041 4535 5767 5373 0557 0136 
02400)0000 7450 1071 7041 3222 3050 1377 3074 
02410)5217 7350 0474 1050 3050 2074 2074 2222 
02420)5211 5600 0000 0000 7200 1073 7141 1040 
02430)7630 5245 1040 1072 4524 3106 1023 0106 
02440)7440 4521 1106 2040 5623 1034 7450 5776 
02450)1042 7001 7640 4514 4510 3040 4510 3032 
02460)4510 3034 4510 4536 5224 0000 3043 1043 
02470)4533 1050 3072 7350 0474 3073 5665 0000 
02500)7440 5314 4543 3071 1071 4544 4514 1071 
02510)1155 7510 1052 1060 3071 4533 5677 4550 
02520)3201 3451 4550 3201 3205 0000 1725 2325 
02530)3342 1725 3325 1742 7450 5725 3342 4775 
02540)0200 3200 0000 7402 5725 2262 2222 2231 
02550)4044 2225 2224 2216 4033 4033 7240 3025 
02560)1055 3010 5512 0000 4517 4515 0010 2553 
02570)2363 5763 4550 3204 3354 7607 0206 4647 
02600)5543 6032 6201 1600 3232 4550 3202 3205 
02610)1232 7650 7000 1040 7041 3200 5776 3167 
02620)4543 3325 1325 4515 4522 6420 7200 4550 
02630)3204 3205 0000 2024 5243 1027 4342 5512 
02640)3025 1054 4342 4531 3064 1041 1072 3050 
02650)1040 7141 1041 3063 1063 1064 7040 7420 
02660)5322 7041 4511 0735 5272 1050 4524 3325 
02670)4275 2050 2063 5265 5617 0000 6211 1444 
02700)0173 1325 3444 6201 2044 5675 4532 3024 
02710)7350 0474 7040 3063 2022 7410 5364 3022 
02720)7350 0474 4511 0665 5272 0000 6031 5326 
02730)4526 6036 0171 7450 5326 4515 4640 5714 
02740)0171 5725 0000 0171 3325 7201 4511 0665 
02750)4275 5742 0000 1155 7500 0375 1160 5752 
02760)1050 4524 4521 2050 2063 5360 5512 0000 
02770)1055 4552 1767 4552 5767 0037 0203 0473 
03000)1577 7640 5516 7344 1101 4540 1331 4532 
03010)4540 1577 3777 3577 5776 4532 7100 5222 
03020)4532 4537 2074 1474 3474 7240 1074 3246 
03030)7030 1646 3646 1646 7004 7200 1474 5775 
03040)0000 1053 4521 1060 4521 5640 0000 4550 
03050)3201 3513 4550 3201 3534 2024 5061 1030 
03060)7640 4514 2021 7410 5061 1027 3026 3027 
03070)7240 3021 5512 0000 2024 5300 4551 5673 
03100)7301 4511 1215 5274 0000 1577 7650 5774 
03110)7240 1577 4540 1051 4524 5704 0000 1444 
03120)0172 6201 4515 0056 1775 7710 2102 5340 
03130)2044 0044 6201 5512 4511 3066 1045 5773 
03140)6211 5716 3155 3152 3152 3152 3152 3155 
03150)3155 3152 4550 3203 3205 4550 3200 3400 
03160)4550 3204 3460 4550 3204 3505 3040 3024 
03170)5565 7524 0452 2020 0203 1215 0246 4755 
03200)0000 0041 0042 0043 0044 0000 3317 7630 
03210)5306 4530 1302 3324 1377 3301 3000 3001 
03220)3002 7344 3346 3347 4535 5303 4515 3300 
03230)0217 4544 4514 1347 1162 7700 5224 1347 
03240)7110 3342 1035 4542 0174 7420 5252 7106 
03250)7006 7006 1742 3742 2347 5224 2346 1000 
03260)7650 5232 3301 3003 1154 5223 1001 7450 
03270)5275 1000 7700 7130 1001 1000 3324 5215 
03300)0056 0072 5723 2346 3003 4776 1605 3326 
03310)2205 7326 1317 3340 6212 4553 0013 0000 
03320)3325 6212 4553 0001 0000 0000 0000 5350 
03330)3341 1317 1000 7650 5344 1325 6212 4553 
03340)0000 0000 0000 5350 1326 5605 7777 0000 
03350)1317 7650 5355 1114 3122 4511 3611 4514 
03360)0000 3150 7520 7510 0274 0002 7753 0064 
03370)7443 3630 3400 4600 0063 7707 4507 0072 
03400)1777 4515 3410 7775 4514 3413 3500 3450 
03410)0102 0122 0127 7340 4511 3500 1776 1375 
03420)3047 6211 1447 6201 7700 5774 1003 1373 
03430)7450 5774 1244 3047 1244 3003 6212 1776 
03440)4553 0004 0000 0000 0213 1047 3003 7321 
03450)3070 7201 4772 4001 3066 1776 3065 3771 
03460)1770 3767 1000 3766 1001 3765 1002 3764 
03470)1003 3763 1362 3122 1361 3762 1760 5757 
03500)3074 4772 7201 3067 7240 3075 7240 3037 
03510)1760 3756 1770 3100 2074 5761 5565 3256 
03520)3266 3035 1056 0175 7650 5330 4542 5172 
03530)1056 0157 7640 4343 1034 0155 1035 3034 
03540)1410 3043 5443 3534 1035 7040 0127 7440 
03550)5353 4542 5151 1035 3035 5743 2063 3716 
03560)3341 3611 3671 3773 3772 3771 3770 3736 
03570)3342 3605 3205 7565 3353 7757 3325 2725 
03600)1065 6212 4553 0004 3770 0000 7402 1114 
03610)3122 6212 4553 0011 5565 0000 4542 7100 
03620)1163 7500 1175 7500 1270 7500 1377 7630 
03630)2215 5615 0000 7106 7006 3003 1003 0173 
03640)1477 3477 2077 5632 0000 3064 3063 1644 
03650)7041 7100 1064 7420 5260 3064 2063 5247 
03660)7200 1063 2244 5644 0016 0021 0023 0030 
03670)7771 0000 1153 2340 5332 4232 1003 4232 
03700)7346 3340 2076 5671 4341 5326 3205 4466 
03710)4400 5200 0000 5326 1312 1012 3312 1311 
03720)3335 1311 3077 1337 3076 5300 7200 1114 
03730)3122 4514 3735 2335 5671 0000 0000 7377 
03740)0000 0000 1335 7041 1311 0173 7041 7130 
03750)3310 1310 7104 7106 7006 7004 1205 7120 
03760)1336 7460 5741 7041 1336 7041 2341 5741 
03770)0000 0000 0000 0000 3256 7702 0005 7746 
04000)0000 0000 0000 0000 7346 1203 3014 1414 
04010)3305 1044 3014 1013 7161 4511 0615 7360 
04020)1044 3003 1014 3044 1013 7101 4511 0615 
04030)1044 7041 1003 3047 1014 3044 1044 7041 
04040)1003 3002 1003 3014 1047 3001 1217 3000 
04050)1365 3201 5305 6211 1414 6201 0171 1377 
04060)7450 1054 1376 7540 5304 7450 5342 1375 
04070)7450 5250 7120 1161 7450 5332 7420 5365 
04100)1374 3200 4347 1200 4347 7402 7410 5603 
04110)2002 5327 1376 1201 3201 1320 1000 6141 
04120)1760 2000 1760 2076 0002 7346 5343 2001 
04130)5253 5236 1201 7040 0052 3200 1200 7106 
04140)7004 1200 1054 1201 7440 5251 5363 4105 
04150)7104 1373 3202 1000 6141 1762 1762 0002 
04160)7200 2201 5747 1372 3201 7010 1000 1167 
04170)3000 5747 7054 4177 0051 0023 7773 7745 
04200)2000 2076 7500 0000 7000 0070 7714 1477 
04210)5721 4671 6661 4333 5166 0526 0000 0070 
04220)3600 0041 4100 0036 2050 0050 0404 0437 
04230)0500 0006 0404 0404 0001 0000 0601 4030 
04240)4536 3651 2101 0177 4523 2151 4122 2651 
04250)2414 0477 5172 0651 1506 4225 4443 6050 
04260)5126 2651 5122 3651 2200 0000 4601 0000 
04270)1000 4224 1212 1212 2442 0010 4020 2055 
04300)4077 5751 4477 7744 5177 2651 4136 2241 
04310)4177 3641 4577 4145 4477 4044 4136 2645 
04320)1077 7710 7741 0041 4142 4076 1077 4324 
04330)0177 0301 3077 7730 3077 7706 4177 7741 
04340)4477 3044 4276 0376 4477 3146 5121 4651 
04350)4040 4077 0177 7701 0176 7402 0677 7701 
04360)1463 6314 0770 7007 4543 6151 4177 0000 
04370)3040 0106 0000 7741 2000 2076 1604 0404 
04400)0000 0000 0000 0000 0000 0000 0000 0000 
04410)0000 0000 0000 0000 0000 0000 0000 0000 
04420)0000 0000 0000 0000 0000 0000 0000 0000 
04430)0000 0000 0000 0000 0000 0000 0000 0000 
04440)2024 5244 1027 3013 2047 4545 5512 0000 
04450)1023 3260 3023 5647 0000 1260 3023 5654 
04460)0000 0000 2025 5266 4517 3010 3025 5661 
04470)0000 7640 5302 4511 1655 3045 2036 5302 
04500)1056 4522 4511 2022 4526 7200 5670 0000 
04510)6201 1045 7650 7000 7132 3777 6212 4555 
04520)0010 5707 0102 0103 0106 0107 0113 0122 
04530)0127 0130 4532 2024 4514 1030 7112 3030 
04540)7350 0474 1030 3474 2074 1027 3474 5512 
04550)7000 1000 0100 0010 1337 1750 0144 0012 
04560)0202 0256 0234 0246 0263 0311 3000 1453 
04570)1526 0000 0000 0774 0000 0000 0000 7746 
04600)0007 0015 0177 0025 0033 0077 0023 0052 
04610)0040 4532 1242 4513 0043 0034 0032 0040 
04620)1042 7041 3034 1071 4536 5512 0000 7430 
04630)5234 7041 1045 7420 4514 7041 1045 5626 
04640)0175 0176 7774 0000 4517 4542 5643 0000 
04650)0000 0000 0000 0000 0000 0000 0000 0000 
04660)0000 0000 0000 0000 0000 0000 0000 0000 
04670)0000 0000 0000 0000 0000 0000 0000 0000 
04700)0000 0000 0000 0000 0000 0000 0000 0000 
04710)0000 0000 0000 0000 0000 0000 0000 0000 
04720)0000 0000 0000 0000 0000 0000 0000 0000 
04730)0000 0000 0000 0000 0000 0000 0000 0000 
04740)0000 0000 0000 0000 0000 0000 0000 0000 
04750)0000 0000 0000 0000 0000 0000 0000 0046 
04760)2024 5365 1027 4521 5512 4520 4521 1035 
04770)5777 1036 7100 7510 7120 5776 1215 2020 
05000)2562 1762 0011 0473 1330 4771 1324 0473 
05010)3137 2640 2562 0011 2562 2562 1347 1331 
05020)0203 0011 0011 0011 4760 2572 0772 0771 
05030)0011 0011 0011 3167 0011 0011 1325 0011 
05040)2562 1763 2517 1262 0011 3020 1261 3167 
05050)1247 1240 1264 1266 3055 1265 1257 1263 
05060)1200 1200 1200 1200 1200 1200 1200 1200 
05070)1200 1200 1367 1757 3052 3160 3047 1352 
05100)2556 2000 3137 0606 0650 2620 1362 2706 
05110)3134 2633 0600 0726 0614 4611 1154 2522 
05120)1600 3015 0603 1120 1706 4532 0011 0011 
05130)1710 2022 3136 0011 3163 0011 0324 1153 
05140)0000 0000 0000 0000 0000 0000 0000 0000 
05150)0000 0000 0172 6221 3450 6201 2050 5600 
05160)0000 3253 6221 1653 6201 0172 5622 5235 
05170)1221 7012 7010 7244 3221 1035 4552 0000 
05200)2321 1417 3416 2344 5201 1355 3756 1153 
05210)3757 6046 1211 3553 1373 3723 7320 6141 
05220)0004 0261 0002 7650 5227 1370 4344 1642 
05230)0250 7440 5327 6201 1326 7006 7004 0250 
05240)1263 3242 7777 1724 7000 3242 1244 3724 
05250)0070 1724 7400 1252 1325 7640 5263 1242 
05260)3724 2326 5233 6201 1360 1326 3105 1105 
05270)7650 5310 1361 4762 6201 5150 6201 0377 
05300)1361 4762 6201 5157 6201 0421 1371 4344 
05310)4763 6211 1764 6201 0153 7650 5321 1372 
05320)4344 5722 5332 0201 5252 1400 0001 7110 
05330)7012 5264 6211 1414 6201 4534 2343 5332 
05340)1365 3766 5767 7732 7770 3017 1417 7450 
05350)5744 3104 1417 3504 5346 2230 2547 7745 
05360)7776 7771 5545 5460 7726 5777 2612 0265 
05370)5445 5414 5373 5204 4562 1414 1466 1053 
05400)1467 4521 1522 4732 1523 0113 4576 7777 
05410)2245 7200 2247 1166 0000 0012 0004 2166 
05420)1021 2167 5000 2101 6221 2125 6201 0717 
05430)5324 0754 5361 3737 6777 2062 5600 4513 
05440)1161 2366 2200 0367 2212 0000 2727 4545 
05450)0567 4545 5127 4440 3502 7200 3453 7400 
05460)0000 7344 1105 7710 5316 1173 4345 6201 
05470)3177 6231 1777 1343 4345 6201 5577 6231 
05500)2377 1344 4345 6211 6436 6201 2536 1323 
05510)4345 6211 4377 6231 4377 5330 4777 4200 
05520)3200 0040 5332 4777 5400 5600 0041 5332 
05530)3776 5660 1173 4345 6201 6177 6201 3177 
05540)1375 3774 5773 6000 7773 0000 3063 1745 
05550)3363 2345 1745 3016 2345 1745 3365 2345 
05560)1745 3017 2345 7402 1416 7402 3417 6201 
05570)2063 5363 5745 3205 2612 5777 2600 7607 
05600)0040 0000 0042 0043 0044 1040 3243 3024 
05610)4531 1032 3040 4525 0041 1214 3010 1243 
05620)1072 3050 1050 4524 7041 3063 4535 5235 
05630)1063 7640 5263 2050 5222 1063 1055 7640 
05640)5264 4547 5565 0000 0000 1644 3332 4546 
05650)3331 4543 4515 3332 0046 5251 4517 5251 
05660)4517 7610 4531 4531 4511 2557 5251 1035 
05670)3010 5263 0103 0107 0116 0114 0105 0124 
05700)0123 0106 0125 0122 0074 0076 4543 4515 
05710)3371 0024 5251 4517 7200 5262 2331 5251 
05720)7240 1331 7510 4777 5250 1331 7640 5770 
05730)5644 0000 0000 0041 0076 0074 0042 0136 
05740)0100 0001 0011 0025 0036 0105 0106 0111 
05750)0116 0117 0123 0137 0121 0125 0130 0107 
05760)0115 0045 7777 0127 0102 0107 7240 5264 
05770)1541 0122 0127 0102 0107 7777 0000 3526 
06000)3325 3267 3320 3316 3476 1565 3366 3267 
06010)3263 3260 3256 3306 3313 3263 3263 3263 
06020)3263 3263 3256 3256 3256 3256 3256 3256 
06030)4525 0076 4547 5634 3520 4544 7670 7650 
06040)7620 7640 7620 7620 7640 7640 4544 7620 
06050)7670 2024 4514 4543 4515 3272 0143 7500 
06060)4514 3263 4551 7402 7610 5512 7240 3263 
06070)4525 0047 2263 5516 4547 5565 4517 5356 
06100)1263 3263 5516 1032 7650 4514 1030 7650 
06110)2024 5777 5230 1033 7650 5322 2033 5322 
06120)4326 5565 1032 7450 4514 5776 0000 7201 
06130)4513 0033 0032 5726 7344 4513 0032 0033 
06140)1024 7650 5351 1030 7650 1027 7450 5230 
06150)7041 3033 1040 3032 3024 5512 7200 1763 
06160)7650 7240 5300 3331 0000 0000 0000 0000 
06170)0000 0000 0000 0000 0000 0000 3166 3167 
06200)0040 0041 0000 0043 0044 3027 1377 3017 
06210)2027 1417 7440 1776 7640 5210 1027 7104 
06220)1375 3356 1756 7710 5300 1174 4521 1756 
06230)7012 7012 7012 4774 1756 4774 2356 1756 
06240)7012 7012 7012 4774 7201 0773 7640 5772 
06250)7344 1105 7710 5772 1214 4521 1214 4521 
06260)1027 1371 3356 6231 1756 3356 1756 6201 
06270)7450 5772 7510 4310 4552 2356 6231 5266 
06300)6034 0171 4521 4523 1577 7640 5225 5770 
06310)0000 7200 1106 4515 0053 3515 7510 3106 
06320)7200 1367 4552 1106 0167 7650 4333 1106 
06330)4552 1367 5710 0000 1366 4552 1160 5733 
06340)1106 1365 3333 1364 4552 1733 7012 7012 
06350)7012 4774 1733 4774 1363 5710 0000 6745 
06360)7640 5357 7344 0276 0274 3552 0336 0242 
06370)0473 4377 2610 4572 3400 3451 2600 3406 
06400)0000 0156 1166 0174 1166 4552 5600 7766 
06410)7566 5271 7260 7102 6753 7716 4545 4272 
06420)4253 3143 5464 5324 4046 5612 4420 6105 
06430)5753 4566 4317 4316 3243 4325 6021 6162 
06440)4716 7006 4335 6773 2235 6411 5744 4357 
06450)7305 7005 0000 1114 1400 2524 0300 1121 
06460)1600 2004 1700 1505 1500 2324 1400 0122 
06470)0700 1106 1600 2316 1100 0216 1100 2017 
06500)2000 2115 1700 2524 1500 1725 2400 1116 
06510)2000 0605 2200 0625 1400 1601 3100 1105 
06520)0300 1121 0300 1601 0500 1601 2500 1601 
06530)2100 2322 1000 1601 2000 1601 0300 1631 
06540)1100 0415 3100 1601 2300 2714 1700 1106 
06550)0300 3103 0100 0303 1400 7001 0200 1631 
06560)1100 1606 1700 1024 1406 2624 0606 0322 
06570)3340 3340 4044 3340 3340 3340 5315 6320 
06600)0040 0041 0042 0000 0044 1777 4515 3212 
06610)0102 4514 0103 0106 0107 0113 0130 4511 
06620)3222 5776 1122 7041 1114 7650 5512 4564 
06630)1037 7041 1045 7640 5227 1076 7040 0171 
06640)7040 3076 1375 3063 1374 4522 2063 5245 
06650)1065 1373 3271 6211 1066 3671 4772 1070 
06660)7650 5771 1770 3270 6212 1065 4553 0002 
06670)3770 0000 5771 6211 7240 1767 1766 3271 
06700)1365 3671 1452 0052 3311 6201 4466 4210 
06710)1400 0000 5306 5771 3222 3235 3400 3321 
06720)3217 1114 3122 5512 6611 2306 4317 5215 
06730)6611 1711 6332 3211 6314 7303 4324 5215 
06740)6211 6712 6320 3211 6314 7717 4215 4612 
06750)6711 5323 6211 7703 6322 0705 4304 5215 
06760)6211 4703 6306 1640 4304 0213 1404 0017 
06770)3604 3600 4507 7646 0032 7200 0473 2725 
07000)4511 3222 4530 3215 1377 3226 1376 3227 
07010)4535 5230 1153 4215 5210 0000 2227 7410 
07020)4514 6211 3626 6201 2226 5615 7600 7737 
07030)1215 7650 5265 4215 4775 1374 3243 7201 
07040)6212 4553 0002 3461 0000 5256 1373 3772 
07050)1243 3255 6212 4553 0006 0000 4511 3611 
07060)5220 0303 1400 0000 2326 4771 0200 0400 
07070)0067 5220 5673 0602 4023 2711 2403 1000 
07100)1617 1605 0000 4302 0104 4022 0503 1714 
07110)1405 0324 1117 1600 4302 0104 4004 0526 
07120)1103 0500 4303 1716 2422 0104 1103 2417 
07130)2231 4023 2711 2403 1005 2300 1723 5770 
07140)4055 4013 0215 4026 6301 4055 4003 0314 
07150)4026 6106 0000 0504 1124 0000 0217 1724 
07160)0000 0617 2224 0000 0664 0000 0000 0211 
07170)2415 7607 7746 2001 3461 4507 7731 7600 
07200)0040 0041 0042 0043 0000 1777 4515 3234 
07210)0015 4514 1777 4515 3234 0006 3250 2024 
07220)5232 1027 3650 1250 1376 3257 1657 3257 
07230)4657 5512 1650 5775 0104 0110 0117 0123 
07240)0124 0125 4571 4572 4573 4574 4575 4576 
07250)0000 3212 3212 3212 3212 3212 3212 0000 
07260)0000 4323 7777 7700 2245 7200 7650 7777 
07270)7750 2247 1166 7000 0000 5660 0000 4323 
07300)0001 7650 0103 4552 4521 0001 7650 4763 
07310)4552 4521 0010 7650 4766 7200 4521 0000 
07320)5676 0000 0000 0000 1723 7450 5723 3322 
07330)2323 1723 3341 2323 1723 3321 2323 1650 
07340)0322 7402 5350 1723 3721 2323 2323 5324 
07350)2323 1723 3721 5346 4532 4531 1041 7040 
07360)1040 4540 1041 3040 3024 4546 4535 5372 
07370)4534 5366 4547 5565 2000 4772 6765 2725 
07400)0000 3255 1600 2200 3254 1030 7650 5223 
07410)1062 1377 7650 5220 1027 7041 3027 7410 
07420)1161 1376 4654 7346 3256 1062 3257 2257 
07430)1657 3234 1027 4541 0000 1255 7450 5244 
07440)1375 4654 7130 3255 1064 3027 2256 5227 
07450)1027 1375 4654 5600 0000 0000 0000 0000 
07460)2024 4514 1062 3312 4774 1373 7640 5272 
07470)4517 7610 1161 1372 3062 4200 0555 1312 
07500)3062 2022 4523 3022 5512 2024 5313 4200 
07510)2742 5512 0000 4511 1202 4346 1444 0172 
07520)6201 1371 7440 5326 4511 1265 7041 7112 
07530)7650 2044 4346 1444 0172 6201 1370 7100 
07540)1060 7420 5512 4511 1202 5331 0000 1044 
07550)7161 1045 7670 5512 6211 5746 3564 3564 
07560)3564 3564 3276 3260 0000 5764 3001 0212 
07570)7706 7723 4550 7703 1640 0060 0255 3230 

# JSW 2000
# START 00200
